  -1.3770642342430848     
  -4.6592421622572706     
   4.5086336546171530     
   10.800967154385866     
   5.0240556147838014     
   1.8587468248664858     
   5.9582224184671018E-002
   14.232732847642843     
   13.200604863329463     
  -2.0857048832813661     
   8.2408445107619830     
   12.756033580936810     
   6.5925067331647227E-002
   1.7988297410645173     
   6.9318398917350876     
   12.649934419802936     
   8.1646595964282866     
   4.0669180359004109     
   4.7090480259627947     
   2.8283412164866606     
 -0.16954065383010739     
   5.2463536778695223     
   8.5525675436269442     
   5.4709235660782145     
   12.300094687270402     
   2.3901324991197193     
   4.1955542204972218     
   2.1028306321902583     
   5.2240773454750951     
   15.414059579158620     
   6.1808212861304730     
   5.2263512693661456     
   5.9302246262357023     
   6.5634681156756596     
   5.4338070470018307     
   4.1163363172063967     
   3.4546788162463238     
  -1.1496175073877088     
   1.4381129439047839     
  0.86365628092739499     
   9.7111059273448337     
   7.0475400162625279     
   12.102354093530693     
   6.8740786785060619     
   7.9104561719353956     
   9.8815424726838224     
   7.9232003636313451     
   12.266637636645392     
   12.960417792043371     
   9.7646888407207761     
  -1.2026542456960820     
  -3.0427217739869858     
   4.9286821063519701     
   12.262433145007313     
   8.3050918777211979     
   6.5929877843340590     
   5.6497941187247971     
   20.749935148322642     
   18.503128374906574     
 -0.15215175649070611     
   6.8753986744571796     
   10.272594349785960     
  -2.4077496778469190     
  -1.1072406563830488     
   3.0649977157418449     
   7.9707161023584172     
   3.1701209863797835     
 -0.87676090776867643     
   1.3324089244544302     
   2.7965871022206170     
   2.4907736336297144     
   7.0130537549130336     
   6.7200472770446753     
   1.9089537589015981     
   9.5361504786687128     
   1.1357145610369304     
   3.8854661378216924     
   2.0450063985165681     
   5.4565094330496331     
   15.298121469623764     
   5.8386824761582448     
   6.0979096996146094     
   9.7932084271835009     
   13.096971735456666     
   14.506375690468182     
   14.640484059834268     
   12.753880403397554     
   4.8318087723745675     
   3.9749066701673783     
  0.17118910655602840     
   6.4215874912513353     
   2.4295824945145506     
   7.5434303275175791     
   2.2361235699727784     
   3.9361435518171231     
   6.7814876147775491     
   5.2259031458305003     
   9.1798319145129632     
   10.618462809023212     
   9.8452780147013410     
   3.7195087541644991     
 -0.72608386366623312     
   8.9998779366737871     
   12.027784680772085     
   5.4881051359311694     
   4.2650434124759471     
   6.1888263841627511     
   1.5680501474126285     
  0.16086288014476297     
   9.7650877582578861     
   10.629296709044526     
   13.801257739685200     
   6.7410388064500255     
   8.6789524463207890     
   1.6423563149047242     
   9.7150272826357771     
   4.2550545845030543     
   6.8528343272657164     
   9.9755710887392191     
  0.95156836868177186     
   5.6270604672672508     
   7.1971408867065030     
   13.111914579406521     
   5.6760780176635901     
   9.2673000439157249     
   6.4042478096277140     
   8.3247805197881330     
   2.9959381733896717     
   4.8620758507617250     
   9.8305113484358220     
 -0.20769251119118898     
   1.8053590953737659     
   5.8670709149577478     
   11.298683703133142     
   7.3941720798794535     
   4.8398067317384657     
   2.9342564040284387     
   9.0859776705384583     
   6.8507300398349642     
   9.3892947299310254     
   9.2369628213626189     
   4.9987958493762736     
   7.7616205234262807     
   3.1463837131749877     
   6.5988017028650914     
   12.087591760589939     
   10.932385031012968     
   12.500329912248398     
   14.459728426509109     
   12.622573565995751     
   11.446560194747878     
   5.9850510864792650     
   10.270613467961626     
   10.908721655753242     
   3.9676860509184446     
   3.0994777411390420     
   6.4698062119783391     
   4.6610408896892750     
   3.8238750555790144     
   11.460741106899162     
   10.097798231165070     
   12.779568035296133     
   6.2018594693254636     
   8.2004829594456705     
  0.66542108565358238     
   8.4932889516166856     
   3.6211358779572413     
   6.9617450193100705     
   10.907147091992142     
   2.7340352526420437     
   7.5714420639738895     
   7.3502347774311474     
   10.211102879094232     
   2.3320939018205755     
   8.6571077813929751     
   8.5031859958816582     
   9.8900195484811739     
   1.4585525736420826     
   2.3391852826372044     
   8.8295762984554926     
  0.28558384831733347     
   1.8475318794276707     
   4.8782806417844418     
   9.9250612822308337     
   7.0243951325532352     
   5.6197385313390473     
   3.8092097453537592     
   9.1768852024644723     
   5.4732664390361414     
   6.1282033575949404     
   4.4980489573755200     
   1.4876740520555196E-002
   3.9320402183443326     
  0.25796950456996492     
   5.0692355073420918     
   11.834543528326858     
   11.327674150330260     
   12.805998493848676     
   15.498202719435250     
   15.538946833843413     
   11.382999639263566     
   5.8415421461018182     
   3.0949623363405707     
   2.7922988373236506     
  0.65701921168203181     
   1.0936052581385778     
   4.4854668539078082     
   4.5912541861246741     
   4.1813841030836256     
   4.1013362991795388     
   5.2535942752027687     
   6.7694836928627611     
  -3.3973838696285963     
  -2.4436383456677371     
   3.3763730286936049     
   7.9343037260615565     
   4.7848531173385966     
   5.1909226524459742     
   9.7028840619939629     
   9.6167616468907280     
   13.957472709493043     
   13.273989766408121     
   2.7509287080391496     
  -3.0993627437267888     
   6.5678241567803672     
   4.4451025287734538     
   4.7319457422116136     
   9.5206085254110810     
   9.4154422244810316     
   3.2471071866236914     
   1.7119925033025101E-002
  -1.5253735077654886     
   5.1228750491575115     
   6.7453231998179897     
   9.9397529936665361     
   8.8288468309351202     
   7.2872183584728738     
   11.441952427259272     
   5.6663456312538107     
  0.61400157446557568     
   3.7978550468370487     
 -0.94224690704708292     
   11.718111447417453     
   9.4606581061194603     
   2.6399955190938207     
   7.1106992224489280     
   7.3202902577161719     
   7.8222045655605212     
   11.319991824219303     
   9.6024030395760445     
   6.6320974600438962     
   1.5205274733578620     
   8.4283554504927309     
   7.8694858649682642     
   6.1977008173139962     
   7.4019902537007329     
   10.347438883835483     
   3.4478714548496505     
   3.6200800100455441     
   7.2948678887155403     
   11.777128253069169     
   12.655499134062897     
   2.7167188356082264     
   3.0825599014646978     
   5.6982623510309924     
   7.4911129232545770     
   5.8490621297512657     
   6.4800981914315727     
   10.807421577330075     
   10.007629953806884     
   13.551168018934769     
   12.704511692372352     
   5.5239365043597681     
   2.0261502748302442     
   10.108602551051531     
   5.7251175776062748     
   4.8566622705399762     
   9.8922008590134318     
   8.9070809594684377     
   8.4073239639032913     
   10.342490882632298     
   5.6726111625108970     
   8.1135610357795400     
   5.9247117149904440     
   7.8630782743022651     
   6.5210021433298815     
   5.3337716813393046     
   8.9056532806079964     
   1.5599086148941226     
  0.80695691210500642     
   9.0134195021223764     
   4.8304256686806504     
   8.5503405137070523     
   8.1976122455979308     
 -0.55960509614474208     
  0.93996752612643875     
   1.2293023280175210     
   12.918002139485385     
   16.937790940478060     
   4.8020297989363598     
  0.55686897825506299     
  -2.6347815365989447     
   7.5320684746470317     
   8.2243448574935609     
   4.8689381139338215     
   4.0284401806924155     
   6.3559974799983232     
 -0.15091934128931844     
  0.85173988422616220     
   6.1512562568112958     
   12.318747888731473     
   14.319852301322982     
   5.4391360899185246     
   7.1684979117238798     
   11.320649123239287     
   14.289232243234956     
   12.402445903254348     
   11.364713221665975     
   13.785706445844705     
   11.569162491199641     
   14.064428987221502     
   13.001223976367200     
   6.6859349668299410     
   4.3625323620419518     
   13.649372667128551     
   10.018398756554856     
   8.7493375992233187     
   12.683910018272883     
   11.341958362260641     
   10.836043541720059     
   12.644514050482218     
   7.3417264718283359     
   8.2022894606034669     
   4.3295538084533343     
   5.2581895956165265     
   3.5692189141391952     
   3.0298966111960417     
   8.2482043431474263     
   1.3010357451950350     
  -1.4519851085844282     
   5.4096076608179020     
   4.4445025700579084     
   15.490314159869301     
   18.392019904771288     
   8.7038655464613264     
   8.1281837646766935     
   6.8373105518298498     
   16.988471102434172     
   20.788490602005044     
   9.6666484093232867     
   14.189902911440370     
   14.345276223903740     
   5.8813526578108313     
   9.1077020662471178     
   7.0205786095620963     
   3.5586965562912245     
   5.0196342691422240     
   9.7770086298862235     
   11.685060309806731     
  -6.5393867344453973     
   2.1635243866381009     
   6.3686324318071357     
   6.4494247497510431     
   10.680657777271907     
   11.302720497977893     
   12.880651731543058     
   9.9033519634188281     
   15.242011961417296     
   15.022597912396147     
   9.4662681273439606     
   15.438946781629088     
   14.232476511029942     
   17.906974399094388     
   16.111909164485795     
   21.885046698482604     
   20.269965995144073     
   18.839874797053525     
   19.613214675517156     
   18.016765631091641     
   26.533935609693692     
   19.694165705110748     
   15.328734336190655     
   21.340265913392937     
   16.987980625293563     
   11.715175444354978     
   14.312246221994222     
   14.650935812377064     
   7.2462332909099310     
   2.1046733516833243     
   6.9748709265456048     
   4.5388477295349663     
   9.3887991792938443     
  -2.7409146840693084     
   4.9867199970249967     
   4.6630297167640258     
   2.8115295118008925     
 -0.88845909504182219     
   3.8932643102406788     
   7.0546752498471381     
   13.836800095855180     
   10.606524264126062     
   12.440461034181435     
   5.8539920534170040     
   9.5147609069420938     
   5.8898695509419383     
  0.90533472037561546     
   2.4017825164568096     
   8.3408371793953666     
   11.051761597988172     
  -6.8401240620478330     
   2.4000939961276599     
   8.3195337689590190     
   11.207686689947353     
   17.667107321094278     
   19.690307211355716     
   22.414614011034232     
   20.142840899480881     
   25.383867256255968     
   24.498523958992667     
   18.109388162466413     
   23.145239260576755     
   21.128309822187667     
   24.301798585630401     
   22.716015181625711     
   29.088219259537077     
   27.827639437827141     
   26.080691590412979     
   26.205319503683924     
   24.136080728177724     
   31.644181145793237     
   24.197913212457070     
   20.944708152660368     
   28.476649889601703     
   23.490063076918585     
   15.486119834452275     
   15.450822733778175     
   15.393610974980611     
   9.7512562845478996     
   5.9721429938725210     
   10.486407075861861     
   7.5915254114906840     
   13.954958833496834     
   5.5085005957100215     
   13.818730855280911     
   11.661193183126471     
   7.9173778855538099     
   3.7860967758457331     
   8.6203338850290603     
   11.758285093412972     
   18.078414808143084     
   1.4191415855780223     
   2.4913307608478785     
   1.1634280126042393     
   2.1713734854165128     
   3.7414136790524903     
  0.40519034744429738     
   3.8626019093435815     
 -0.84180037010709585     
   3.0479774198072032     
   5.0077208655188112     
   9.4287944407716235     
   17.131141496110324     
   12.708062493993596     
   21.873869856374043     
   18.287821198076678     
   25.022291867868873     
   25.324941236052478     
   37.601207619925034     
   38.253511104759376     
   37.730318476207088     
   45.917152285880718     
   40.681829360878481     
   51.986927253211149     
   48.983688188675060     
   46.502232800695182     
   48.190320772513431     
   45.618399900395069     
   53.432272920640521     
   50.044823462967621     
   44.283457556799924     
   41.358674711998681     
   39.225372658007224     
   35.302638555685242     
   29.396331905261068     
   16.066885820446217     
   16.609111791421217     
   14.539358090690619     
   6.2719101393102337     
   2.9587815992115805     
   2.9128352468532421     
   1.8510863597172535     
   5.3392849601477215     
  -5.1605313005419209     
 -0.28082785967626628     
   5.5050085876290638     
   2.5141056227757539     
  0.66813407414599557     
   2.8018734276695647     
   6.8483358255227387     
 -0.20110300352652402     
   1.4671753934709613     
   1.3902669925423707     
   3.9363549805060316     
   1.7179039769859434     
   4.1054529666996755     
   2.8765682368357366     
   8.3591489419687974     
   6.6890854730180758     
   11.646978737708796     
   8.8761147308623851     
   8.6100002932999100     
   18.044151136882334     
   22.583120645890574     
   34.373974588738641     
   34.436048273408332     
   45.429548061338423     
   48.887376785187222     
   51.532290449463289     
   54.565544148710870     
   58.956983129714722     
   70.864878263009317     
   62.976695720794346     
   61.002447656011299     
   56.750975167985089     
   57.369471636322416     
   61.911845976531559     
   58.564800507770826     
   62.043843453868959     
   57.302939409408076     
   55.230166546533013     
   56.390648622410694     
   54.841425031199790     
   47.511280252481406     
   40.064849430238212     
   26.843411302651276     
   27.266397606245182     
   22.696807453345954     
   11.291115928465835     
   8.1127694954468570     
   10.310552040334541     
   10.749241200126706     
   11.064797335313360     
  -4.0331712124528387     
  -2.6661772524530698     
   2.9765836239884966     
   1.0909505210464590     
   1.7156691967090558     
   5.5533912914356574     
   10.228790513682455     
   3.5727973115666614     
   8.8170561870767035     
   8.0928676290613168     
   4.9336380234875756     
  0.13914741643785394     
   3.2021108609867297     
   3.2645101426205061     
   8.8369879865249192     
   6.7470288007730215     
   11.765468701196449     
   9.0476272685239518     
   9.1418281347536947     
   20.159328893078346     
   27.412058771799426     
   41.262261779628162     
   43.546762982694766     
   57.128969855626302     
   63.903681015693401     
   71.801411103063771     
   77.373650143444451     
   81.361747863015779     
   92.501299795511997     
   86.065294659388726     
   87.429470208885846     
   84.478953925218377     
   85.453419425363990     
   90.064383090757815     
   86.621818980768012     
   89.839430478137984     
   84.693686078336626     
   81.730935507698177     
   81.909645658957629     
   79.335112654126945     
   69.973189886372182     
   59.324333463022050     
   40.307312594692085     
   35.103385174835587     
   28.252904735430267     
   16.327363922836756     
   13.189615367152813     
   13.941490882522533     
   12.839503732485328     
   13.158466725379578     
  -1.3541729631491519     
   5.5864064369749764E-002
   6.6250759302691904     
   5.9218415083558043     
   6.6199575378843170     
   9.2294854107000219     
   12.455284976146485     
   1.2818533471907219     
   5.4279324380099379     
   3.2368172955538368     
   10.736115986127164     
   2.6017898395982484     
   2.5640521243094261     
   4.6653566675879521     
   8.9873161401389279     
  -1.1464663176431058     
   3.0590151653944018     
   19.005074104847541     
   14.599788595583471     
   28.075446110186416     
   35.373361250618551     
   52.015975609683814     
   57.698254665148760     
   73.597851173074076     
   84.778454738394345     
   96.513181516444234     
   105.37679288386335     
   115.71467336589110     
   113.53844000945563     
   111.52307394540861     
   108.42603813115015     
   108.78080660639391     
   112.53055645380729     
   119.45961327099920     
   116.12503224370104     
   126.26992122645983     
   121.23890084836796     
   106.12202823870204     
   105.05199005605888     
   99.985536979505213     
   83.709205950350920     
   68.458134999798901     
   48.946028213823801     
   40.480756020933548     
   30.729663750485756     
   16.801086263314090     
   12.679798147438905     
   13.735202398464530     
   5.9021148767351503     
   8.0794019573101394     
   5.7117921647279131     
   9.6205682650010527     
  0.41248078927283022     
   13.445740272529576     
   11.893096930638396     
   4.1969945165423388     
   3.6654558771706816     
   4.3054151575696880     
   8.2058234269881591     
   7.1661696539772599     
   12.964649601763009     
   4.8662998371863289     
   5.8597329801179310     
   8.3310044163376205     
   10.761006833514701     
  -2.4149134667345784     
   1.0039988638186215     
   18.797404137854500     
   16.768192740515591     
   31.573827953770930     
   39.790647424725513     
   57.884561757229065     
   66.738040021224535     
   86.015456153831593     
   99.730664601433446     
   115.03714983351551     
   125.35426828923258     
   135.48257273637213     
   133.20952215467031     
   133.12284769953183     
   133.54663096976250     
   134.36194807825120     
   136.39769395085335     
   141.75368261991335     
   138.88456918797081     
   150.87235984208385     
   146.80654308890934     
   130.85740351723999     
   128.36734110361911     
   121.91792148162736     
   103.56962992178639     
   86.282114314072160     
   63.400591833595804     
   51.254558398510760     
   38.740097818411577     
   21.856693539889047     
   15.789637447747124     
   14.510767224054874     
   5.0083152088514744     
   7.9890767713170394     
   7.8375797784454155     
   12.947998501583182     
   5.0096601156432312     
   19.006475925111179     
   16.572977246572272     
   6.2636812796502443     
   4.5216771759142329     
   3.5663518319962644     
   2.8256980666325671     
   4.7027485113480010     
  -1.6038478080754168     
  -7.1197276225211565     
  0.20102389381258348     
   3.8131236180156862     
   3.1462380465141933     
   10.515666890951623     
   12.740818258653807     
   10.247145376129588     
   11.794099112258763     
   26.416237179294310     
   37.900476809180446     
   55.732853331685796     
   82.817558656502243     
   103.54315094842416     
   120.36454157125488     
   132.77785287399152     
   144.73275035419059     
   146.92620444548908     
   148.37675296196269     
   147.75404314322344     
   153.75160617989619     
   152.41059612655997     
   161.10058252661111     
   165.66460151840360     
   163.84916196647478     
   149.27920283950564     
   147.37772525230616     
   137.48513810396545     
   135.71140047573556     
   128.39180343703734     
   116.77919565273746     
   99.727081784573073     
   71.135666671461607     
   52.981665361371498     
   36.370834733704299     
   27.586634939018968     
   17.092054171515823     
   14.544410729714107     
   7.2343477854300549     
   9.7140607663669449     
   6.0264999892613158     
   10.822213783486029     
   5.0638560688187164     
   14.694851554589674     
   11.968369073860771     
   12.456150084440765     
   11.631649087273566     
   6.5509473968052507     
 -0.31298730508865541     
   3.8278838665148438     
 -0.41182669813435963     
  -3.3455390838215107     
   6.3089949307194466     
   11.025388795298783     
   7.6249598681114854     
   10.666095105866107     
   11.830694168599010     
   12.187605257408782     
   16.705099763595115     
   30.602207663794434     
   41.269505420695538     
   58.542323645160870     
   86.355903925981480     
   108.35511299009377     
   127.93815504149769     
   146.51503406284132     
   159.48143092857632     
   164.79816954896975     
   169.37934499531471     
   168.18437022058350     
   168.78131704146554     
   165.50331719270756     
   172.74970248636782     
   176.29215398987989     
   175.34309651179686     
   163.42433741373608     
   163.64704533809945     
   155.15853853302195     
   154.25080673494315     
   146.40887047490108     
   129.42127431812659     
   113.44183798527376     
   81.225972328411601     
   58.372683411742671     
   38.387873526234408     
   26.022743068808797     
   11.448422248867022     
   10.742240792178382     
   5.9021756113413666     
   7.4738581008293243     
   6.4272327335981698     
   10.602145918399843     
  0.79686432266253637     
   6.5221540676243990     
   3.4812238447771233     
   4.2905670816373842     
   4.3654199942295762     
   11.991028393165413     
  -3.7109407251202429     
  -1.6078979823460415E-002
  -2.9833424463806977     
  -5.1097013457765845     
   4.6562532288707938     
   9.1322807165831321     
   5.2989142464626919     
   7.7392979581442383     
   8.9642099273833011     
   10.922045558495569     
   16.864834457965078     
   29.809578077493430     
   37.271028839452356     
   54.464765492036129     
   84.832274063277652     
   109.55293715428034     
   130.11378759913890     
   148.50095256255119     
   160.46745208679948     
   163.89852747197989     
   167.30314531702922     
   168.15503835638972     
   173.72852647025948     
   171.72969594245617     
   176.03692466279452     
   176.38442778545843     
   175.45928153571444     
   166.39400296807619     
   167.57220625800738     
   156.42889336248666     
   152.61214011645214     
   144.89402294677686     
   130.24989114142988     
   115.64334523470124     
   84.767209208108099     
   62.845837389685769     
   42.867403222831570     
   30.658174482159744     
   15.773800955880519     
   15.409460653060785     
   10.854207379197788     
   11.224421608837099     
   7.9673265882249940     
   11.411692044641823     
   2.3515483401097153     
   8.7660391229966947     
   5.1484148439904374     
   4.8826595419879606     
   4.1477566504532843     
   11.868879406098779     
 -0.67346456333405691     
  0.97953238112717222     
   5.5652887385116090     
   3.6074840558788397     
  -2.2855220772708762     
   2.2543606331848900     
 -0.59329959887211003     
   9.2075333599422997     
   11.134340482329673     
   6.3324372949963577     
   19.730395211766250     
   29.761272598130471     
   51.979292726680200     
   67.486117399894496     
   89.404016058395541     
   115.98803181985753     
   136.76171789599218     
   149.39835420090492     
   159.41639836094112     
   168.09951392573402     
   168.34502653628027     
   173.94235509939938     
   173.02490067810936     
   175.44334957922513     
   171.57926146629026     
   167.29909025635601     
   167.06241540112674     
   174.52062593131032     
   176.85687356737643     
   177.26635226757389     
   153.55386584289792     
   146.96093855447273     
   126.96487248570496     
   114.52683228368515     
   90.826706588983129     
   67.455713241058859     
   50.356807045771319     
   34.261404655352564     
   22.512951715378147     
   15.002412795244402     
   4.8890704670806056     
   4.1622875133505142     
   3.6232660660407841     
   6.2766174632407523     
   3.3625515195905060     
   2.3526648137096187     
  -1.4105946573748502     
  0.94201799112482554     
 -0.93240411169981252     
   10.279494252084826     
  -3.9787919424378448     
  -4.2696880370724921     
  0.27779645232302397     
  -1.3308654151970918     
  -6.4233204007720737     
 -0.68789577628771437     
  -1.9817284834672939     
   9.2680450758305319     
   11.878294636457561     
   7.3185178243397129     
   20.186923582286106     
   28.068517954710046     
   46.460563359876680     
   60.563330574141965     
   82.886679777865268     
   110.17497588465018     
   130.81871162100052     
   142.75342081389871     
   151.41544529963781     
   157.47313171098671     
   155.80507589131426     
   163.21419164806863     
   167.47250559602111     
   172.29324193138245     
   167.81203110059144     
   162.43376014616669     
   162.41858554527491     
   171.48814569854227     
   174.24316157556956     
   172.84113422818240     
   147.10008503340615     
   140.26651589224991     
   121.34171286006261     
   108.66015025981946     
   84.304900653305623     
   60.795722921489528     
   45.395711267340374     
   33.180130584316402     
   23.772234290807489     
   17.741994108881649     
   8.5852572308969979     
   7.5215083547260697     
   5.6133944035853407     
   7.7798047635743135     
   4.8327841377705534     
   3.6784692383337783     
 -0.50804977916073968     
   1.5372859085673327     
 -0.96994942571409060     
   9.3400575232114882     
   10.168894120329645     
   9.6896628172691663     
   2.7489115029105817     
   3.3715941770471676     
  -2.6421840691040916     
   1.3140008096569795     
   1.3020654685179296     
   7.1574317810673422     
   9.8736351353433154     
   10.175297030475571     
   21.310412990676522     
   27.434105407760782     
   30.175295462476043     
   42.431199301663156     
   72.034645868472296     
   97.168070451691321     
   117.62939719949685     
   127.41403165188832     
   135.63847469598684     
   149.63189176196980     
   144.90720635879666     
   150.72127172847718     
   156.81013028551149     
   161.77555306549215     
   158.38233586641891     
   155.11296663948158     
   155.17861929356695     
   150.77948573013020     
   153.61752706938472     
   151.43018810293069     
   134.52127755321808     
   126.96440056721373     
   116.17814075036851     
   101.47918815818846     
   80.905714639547313     
   56.430154867381269     
   42.690242463884452     
   23.932533217873740     
   17.311484166779099     
   7.0959713953822510     
   3.8985012600682456     
   2.1681642898235172     
   7.7281959303935217     
   8.3611542242015648     
   8.3372816879718261     
   7.8722045007662000     
   3.7192567089934978     
   6.3317656189320042     
   4.9158551689396699     
   6.4847006348301575     
   3.7095041708774525     
   3.4074005954066680     
   7.3033469868686716     
   9.8451849805846319     
   1.4984456467964116     
   3.4752707446733009     
   4.5204361093047707     
   5.9982940178232820     
   8.6976672850614314     
   8.1924768297052477     
   17.686274634553694     
   22.310574581982188     
   34.480439038881194     
   44.339640513913757     
   69.633551190420221     
   90.959530051992957     
   110.17735986549154     
   119.32193492995550     
   127.47206636033656     
   139.61826797567463     
   132.84707533378199     
   136.62495413209439     
   132.83301436417574     
   137.14658649417123     
   136.13663465871338     
   135.54551354660882     
   135.98258596686952     
   125.08253162009981     
   127.92104601249643     
   134.76267602499888     
   126.64146414151210     
   118.84135542295761     
   104.77829963464944     
   88.820841172294010     
   67.194623794680240     
   42.227690130830410     
   30.342850776501994     
   19.251531660361142     
   15.183462665522358     
   10.836339658723260     
   13.089406105163778     
   10.703444859907632     
   3.0127335694491504     
   2.5061782366920005     
   3.5897149487584086     
   4.2942868176237381     
  0.66997188044989275     
   1.1283918289369368     
   1.1504037209262745     
   10.471349578686837     
   8.3292796211574451     
   6.8658004218353037     
   6.9038274339230661     
   7.9869491404674786     
 -0.50563947461724534     
   1.8399174234976579     
   3.9708470286229627     
   7.3073989795279788     
   10.410469087998868     
   8.5170605415228593     
   16.314082509662633     
   20.258240693524851     
   31.872363872234359     
   39.044969300045764     
   57.930484609572538     
   72.599142108871931     
   87.484658648825572     
   92.814114035737944     
   100.71986711511786     
   116.61326616692301     
   113.41395951119185     
   116.65789383392705     
   110.52984491536684     
   113.60623879186024     
   113.89293684278292     
   115.20970350955092     
   116.56942277996431     
   105.46849936959640     
   108.03551982440128     
   114.14820947830219     
   105.65373092726134     
   99.588448695331465     
   89.939926543371513     
   76.630802112623655     
   57.379385421526500     
   34.794270542392560     
   24.718902487430366     
   14.521901418640816     
   11.271375586355642     
   6.4757618879613679     
   7.9505029505045455     
   5.5858538944136935     
  -1.0066470839438739     
 -0.13833177767700450     
   3.9779937435056758     
   7.7020088561957687     
   4.9387072430068963     
   4.4277493001634260     
   4.6495282014411590     
   15.068354334417929     
   4.4217778938915444     
  0.20573298383452521     
   11.912301280770592     
   8.3650200615992283     
   2.1367539977660370     
   4.6348883969385284     
   7.8790818344099627     
   1.0001846973389605     
   4.7572630589891078     
   7.5269059486433845     
   9.1681224607716771     
   13.881026185972493     
   21.394998815453398     
   26.592627428685297     
   52.862688843546444     
   56.300976227862563     
   63.984107489587046     
   77.199047043883468     
   84.084560080808188     
   83.296028888516915     
   83.875653332289247     
   87.538506467049132     
   86.586449104087066     
   87.904690348873658     
   87.997480105652215     
   88.214248013887428     
   89.982780879653021     
   81.311392571805271     
   82.756545975464547     
   87.216043674796069     
   77.514701739843261     
   75.663814356141941     
   62.678190783225453     
   55.780353244402271     
   49.935679330767037     
   34.690742100098362     
   26.176993232068980     
   15.890385846760465     
   11.951276073456180     
   7.7472420854560484     
   8.7188628704254612     
   6.4421468537022113     
   7.5637850598099003     
   11.057298886288633     
  -1.8638287773789624     
   8.9587310817801153     
   6.2224319774858508     
 -0.43147219745533077     
  -1.6222088957178571     
  -6.8070180106907738     
   11.121156346593454     
   5.5795204002488221     
   12.690663254073497     
   7.0735123951403116     
  0.36757836842131297     
   2.5714572041664865     
   5.4846557573565935     
  -1.0907009619116108     
   1.8319031537890880     
   2.6167917149574365     
   2.8613832654659568     
   8.4317395886201627     
   17.553999430756406     
   22.064544044084418     
   43.605685560745634     
   41.530640873857969     
   45.097217640693366     
   54.135761783705341     
   60.414982132389518     
   63.196929560082260     
   67.296823425719879     
   70.640571608093666     
   67.807007648369449     
   67.453449849615183     
   66.938035126393629     
   66.960254020339718     
   68.666150962436035     
   59.738979562583715     
   60.892389508347676     
   64.598550106920015     
   54.673640849894042     
   54.761427771805963     
   46.225805076926399     
   42.817088200079525     
   41.253906741356928     
   30.189987278641443     
   24.031521535583938     
   14.304497602593434     
   10.863539094236499     
   5.9080795085748621     
   5.7134289291083320     
   3.1015333766172803     
   5.0416457905605503     
   9.1918659830162976     
  -1.6819239958184471     
   11.292397998122945     
   8.9167966175324320     
   1.1754434305807895     
  0.25450785089773015     
  -3.6804168908639348     
   14.435668153136417     
   7.5443097196352280     
   15.311380136079316     
   9.5796785774297959     
   5.8503106879945337     
   9.8196180489629121     
   12.879225230986258     
  -1.9322123132270410     
   4.5386854102830408E-002
   10.818169688920255     
   8.1383363581433219     
   13.578646050011493     
   16.071625153717250     
   20.725692674456912     
   16.948647738262874     
   19.691210582987004     
   21.879236521501312     
   31.769128639136881     
   36.767933596249769     
   33.650361397137743     
   40.580087342024207     
   43.353222208316609     
   40.572989260848829     
   39.254764725337019     
   58.016359196873445     
   51.452934168445132     
   53.347014157570243     
   42.358602707941728     
   45.266104101526665     
   45.010756021993103     
   34.779892678600966     
   33.670250426777606     
   42.646359887488046     
   38.776348888903662     
   30.858437591254582     
   25.667774955500533     
   21.723069457754395     
   8.1690901816940027     
   5.5936593497853861     
   9.7157084634675535     
   9.6911846152293339     
   7.5499515156713706     
  0.26106111340406529     
   3.7488172061624430     
   9.5529232374493631     
   20.975395265489730     
   18.841316324246765     
   4.2963044048229042     
   5.4332297075846716     
   8.3127581909885055     
   1.7724397760427240     
  -6.1945908160868015     
   4.3011097914188277     
  -1.0556253918651570     
  -2.8681838628462919     
   2.5848016635638871     
   5.6843077840592802     
   3.0043847519067155     
   4.2540921084732535     
   11.646695183114073     
   6.3031595751099569     
   11.394028283846504     
   4.3433791864459881     
   9.2701791167930239     
   11.745956180980055     
   20.430643383143899     
   22.415847631545535     
   26.383127245062244     
   30.115493943614762     
   28.595887469038555     
   37.067286628842588     
   39.014293421231315     
   34.199719416575888     
   32.404569833488345     
   44.999804140888472     
   32.119469461430413     
   34.058603342815275     
   34.889025569375505     
   39.492572111175093     
   39.242189537087285     
   29.071475402241266     
   26.592970794212111     
   23.417327282892135     
   18.541039601865094     
   15.633120652808337     
   15.765377730422292     
   13.571715507288067     
  0.95188235283126543     
 -0.93733121561763399     
   3.7772097523859998     
   4.1119648869600249     
   2.6488505997236413     
 -0.52133845992152117     
   2.0025969390909286     
   5.1198344303892345     
   14.083445946818768     
   11.916289061781168     
   3.8012725379025327     
   6.7811699771312464     
   10.697770384096433     
   3.1609800555327339     
  -4.3715942162997070     
   7.8942542955673636     
   3.0691953881455274     
 -0.34776525960130805     
   3.0680725392559394     
   4.8896737813645901     
  0.51114103753599471     
   1.3481155148913964     
   9.6431325691789311     
   5.3017443967472415     
   10.204775833493459     
   2.4586205556592073     
   6.7103763849761160     
   7.5014081595294284     
   14.796268117447045     
   17.895962354081458     
   25.244112924860772     
   29.293687211501840     
   25.174471577949056     
   30.779303849459858     
   31.339637629389927     
   25.645147124945286     
   24.102294405589959     
   39.171932038500444     
   28.497550728489202     
   29.242956826413796     
   25.682831507330409     
   29.252489680908131     
   31.563061220637994     
   24.357675064987312     
   22.809178407652713     
   20.155041903072757     
   16.265229490386222     
   15.208093847579246     
   17.155615809727362     
   15.937296270244103     
   3.6817524134890403     
   1.8520187166644166     
   5.4574448494195238     
   4.6882930575694663     
   3.6688484646650816     
   1.9282588505453366     
   3.9238346527179981     
   3.5896893128869749     
   9.2829037532311549     
   7.4610078242773499     
   2.4724146834476772     
   5.8239477499399523     
   5.1423838147556706     
   11.437776980312760     
   5.7879940448209446     
   8.1870587967407626     
   4.3887515256432756     
   2.7848208111841619     
   1.8884554440891446     
   1.5819327076423271     
   4.2375703275004648     
   4.9390012720274887     
   5.0428811480171643     
   6.9115024280421240     
   11.150704713818286     
   7.8147659644309293     
   10.124890607798168     
   19.294432454444440     
   14.930480039616272     
   21.181155616768148     
   19.040822644099038     
   25.656961152606108     
   28.188996041851748     
   28.478481515210071     
   27.006949790114700     
   25.826213584191564     
   24.883213843747473     
   27.296648909811040     
   29.873239380425463     
   27.529912311119222     
   23.515731659257295     
   23.045397293546969     
   18.168948475684818     
   23.569110224001399     
   23.810280918272920     
   15.655276916540734     
   13.397978856248157     
   8.2844837909192286     
   9.8376694417077601     
   8.7356795182498317     
   6.0218763401726667     
   3.5045300739644620     
   8.1568928578619690     
   1.0796611744699915     
   1.2421449729609659     
  -1.6416161313116435     
  0.89204012540384325     
   7.5039354002141883     
   2.2704201939130386     
   2.4935213448725584     
   1.7504524475215886     
   5.5123794707366889     
   17.896494324860221     
   9.1755511460041674     
   5.6118173376877918     
   10.590140658189478     
   7.6928097057051570     
   4.7069259539342667     
   2.1754788507671901     
   1.2528112125423927     
   2.8109486509572221     
   3.9335067089698246     
   5.8283778917402493     
   8.9942031238050415     
   12.208831191563274     
   6.9211814518124850     
   8.0155992477165920     
   16.229322162890149     
   11.490498365626722     
   19.019718614804535     
   19.751186344338407     
   27.000964649265402     
   28.290276708011813     
   27.092626886197429     
   24.822655686764254     
   22.888785224011599     
   22.555677307053351     
   28.342536548148718     
   34.151725485158806     
   31.419124979924792     
   23.455359271054391     
   21.199802255588125     
   16.465869466421264     
   22.497639068386203     
   23.466891557085731     
   17.132240675155231     
   15.868875252270971     
   10.582835800831058     
   11.406204390898042     
   9.4105329997689537     
   5.8285894265167677     
   2.9615954405327867     
   7.3690880361865743     
  0.27994680965233082     
  0.75970638299901627     
  -1.8513771542074493     
  0.30025813848235317     
   5.3288362995835667     
  -1.3043571752223495     
 -0.28919667916664366     
   1.4750028258349861     
   4.3515777922134120     
   10.329537480643086     
   18.973679935013212     
   18.644217307707425     
   13.115886687104009     
   11.793164364666069     
   5.3126721747134216     
   5.8201754508305816     
   4.0242749880108049     
   7.8945675838878815     
   8.0560156244583574     
   4.6385205029030372     
   9.3611895221058710     
   11.663592815936763     
   2.9843422421179775     
   4.3713336721334253     
   16.437275213727290     
   18.392102848699654     
   25.267424468333861     
   24.284115097986266     
   29.891646890903996     
   36.344389904029832     
   35.860853702934698     
   34.009700436675551     
   33.296315215044622     
   33.304196995703649     
   36.674904724444104     
   38.269714730457437     
   36.930670009991537     
   38.545280963624450     
   35.987452492431174     
   26.789135074638839     
   31.879152979647404     
   32.789310274074218     
   23.278212967678648     
   22.594425178852546     
   23.296637029378402     
   19.897420143305208     
   16.646555560360220     
   6.5768095304715670     
   4.7779984654745515     
   4.3088287784614980     
  0.22590287243785545     
  -1.3749841400938427     
   6.5055383327535097     
   5.5891970659395831     
   13.066909215936333     
   10.376340660141970     
   12.422620070590144     
   8.5838510782544208     
   10.769203723733048     
   2.3140103093941304     
   5.4625449486307032     
   7.8845889793335289     
   11.063655278615942     
   11.254755463842836     
   8.3550316003481520     
   12.319317000037733     
   9.8914750864748058     
   6.3991438734207255     
   5.5294061949373843     
   3.8294747379326415     
   9.9090381653534898     
   11.416271518497755     
   5.7732552833164767     
   7.6900088744187407     
   26.277400242120933     
   34.904412252516089     
   41.106058104955650     
   29.383402911681117     
   33.640923869190971     
   41.375656240743879     
   42.340734739222881     
   41.330277310378904     
   41.134087153764817     
   41.315908446391084     
   39.899872826403218     
   36.823245837948086     
   36.783790538960488     
   45.030022590618778     
   42.522387180678379     
   32.471932111645906     
   36.680854752541840     
   37.024122361528775     
   25.950104831463790     
   25.302537747391550     
   22.558811161166989     
   15.196734783580933     
   10.738213755608061     
   9.5445397053336780     
   8.5531900319295087     
   10.760318115197734     
   9.4511201267575995     
   5.7860822844877537     
  -2.2916396913618238     
  -6.1913868608437390     
   4.6933852522158919     
   5.7587649641084298     
   8.7936269562600149     
   10.545339040640327     
   12.408977614543838     
   7.1854425029239470     
   3.6571511422514358     
   5.9886868616845614     
   8.4883856992729143     
   8.9463767108265095     
   6.3086707957787302     
   10.587890731092122     
   8.7638538307787428     
   6.0429340559318616     
   5.5296924175247231     
   3.5701664589618916     
   9.0918887874206042     
   10.074502362777912     
   4.1088377841973625     
   5.8849622062351843     
   24.626354703970616     
   33.671992340808984     
   40.795689738182034     
   30.924790582079744     
   36.613024861774463     
   46.285403607837054     
   49.120076242260360     
   48.929211064725756     
   48.968518247024946     
   49.116462380415804     
   47.985982837830377     
   45.146787213353591     
   45.143154063104319     
   53.817081832816392     
   51.508050279004173     
   41.249280937846521     
   44.864856314936105     
   43.667592464360737     
   30.149090760848818     
   28.195945050857674     
   25.517405164797932     
   18.270493197650772     
   12.649232037195498     
   8.4431450554977125     
   5.8864330331667167     
   7.6394097422964986     
   6.3780746174005634     
   3.7708427492668419     
  -1.4716436587945325     
  -4.9025859763996129     
   4.1430817678713137     
   3.4153155908009780     
   6.4211469022558427     
   8.3360330776753031     
   10.331087343359792     
   5.4628779272509940     
   7.0238101375885167     
   6.7423106436048945     
   8.2772198291158574     
   7.5578160322621946     
   8.2087183514024442     
   8.5200622630402396     
   7.8034182650980979     
   8.0626016180913087     
   8.5810309249333478     
   7.2866374389783752     
   10.183611760821741     
   11.302706632023986     
   22.371686532992925     
   24.173556311264143     
   27.211193579773155     
   33.973138547525338     
   42.957378173237082     
   44.454117865423527     
   53.151294713413542     
   47.666176988924768     
   50.361356747894028     
   51.162410908932692     
   45.098225311597787     
   45.216759473721091     
   48.186827649206677     
   49.761213523285335     
   49.533975156299213     
   46.661567811362382     
   45.332456968474908     
   47.806622954200442     
   45.080962133280899     
   41.809770353957646     
   37.020622441510049     
   32.866971019243906     
   27.680548103928434     
   18.676820374565093     
   11.627737566629317     
   10.806053820245930     
   4.8591049899081433     
   2.4366538209401969     
   2.1604114049987424     
   2.9014880114931558     
   4.4152548893699741     
   3.8653713076759089     
   7.6691901902690809     
   1.2004574113727555     
   3.2737990959116563     
   5.1527433273726873     
   7.6830633856779276     
   3.4758280243333433     
   9.6965353976236219     
   7.2469038245961963     
   6.2563440907353813     
   4.3946129624267307     
   4.0284502451255388     
   3.7199606311528362     
   3.7841337931624146     
   6.0068981534277981     
   7.4063539669396050     
   5.7253989976074999     
   8.1561324334333296     
   9.6108704634836499     
   21.567041791637600     
   24.135098231424845     
   27.484169014595711     
   34.253744845187420     
   43.363624176695119     
   45.719312253481419     
   54.817757188149528     
   50.543356502887228     
   54.750446209359808     
   56.313280272408882     
   50.469401621297919     
   50.629409733051610     
   54.074847053433849     
   55.838982906328944     
   54.800071493644559     
   51.127339860399111     
   50.353737593689587     
   54.999657532415895     
   54.107487594627258     
   49.947795614511200     
   42.187826145614828     
   36.631265361895771     
   32.446104635780870     
   24.901869413409216     
   18.125123118489210     
   15.768620057042538     
   8.5573633890480352     
   4.3349390216933079     
   2.5339747545128155     
   3.9095775620611501     
   8.6695495584339124     
   8.6924567100907844     
   10.222382642141620     
   1.4309861107503032     
   3.1006191753106700     
   4.9108055417209426     
   7.9424358947304174     
   4.7709376733996809     
   9.3403295109629099     
   4.6746101580894708     
   14.879690916936868     
   11.139182378327451     
   8.9705359344598126     
   8.2732498221391673     
   10.726616814822393     
  -1.5008123377636347     
   2.3571150724477423     
   12.573377193402397     
   10.879968375700857     
   12.557066305705213     
   18.754962849000314     
   23.052589044668551     
   24.737608766038157     
   32.618565466458286     
   40.853064196050617     
   43.956739166904100     
   51.232536084079648     
   51.663844862188540     
   56.587730496691208     
   58.146856427663742     
   63.816026379798274     
   63.792509751598658     
   55.986560545090967     
   60.280910330073254     
   57.560256160165267     
   59.319567661759457     
   57.991881750891380     
   58.432253614280263     
   58.045129825457593     
   54.277101280602068     
   40.410777761988932     
   34.347935793987951     
   24.767379690927459     
   19.150079100364589     
   14.025161924898129     
   15.171004212366441     
   9.0342752617130575     
  0.20975080294312196     
  0.15050921813293366     
 -0.42073883705639287     
   9.4408633697847399     
   7.6993804927335621     
   5.2961627433434311     
  -1.2363215917428065     
 -0.30093774799998718     
   8.1018341729015937     
   10.413615426515978     
   7.3851174870623577     
  0.61954569254911762     
  -5.7203472682658161     
   8.1913860943404657     
   2.9074942190536288     
  -8.9295698103844488E-003
 -0.93451752088585394     
   3.5894919707764208     
   6.4448804401423754     
   12.253541580371580     
   18.212885298353854     
   12.397909421247576     
   14.169473679223202     
   18.382154475262034     
   24.318468044165396     
   28.047527191782521     
   37.103294751441304     
   44.270777793515961     
   51.167745531282648     
   56.130738913537208     
   55.813338653330348     
   60.898794745511907     
   62.377199527210529     
   61.084893651473436     
   61.200932113387260     
   56.591705501369105     
   63.665518167951276     
   59.837241341906143     
   59.064989920168927     
   56.927913063958783     
   56.465294719892931     
   55.459217259113487     
   52.297366879075625     
   39.121705648964515     
   33.123405914282863     
   24.705234741305564     
   20.293479263165402     
   16.339341277657628     
   20.457378014700531     
   15.728814184329911     
   9.8611127069449811     
   12.372558218237879     
   10.098219562419692     
   11.851339665613565     
   8.2624740899991114     
   8.2919756385675711     
   4.2888393115827927     
   4.5115447874014869     
   10.389790630933986     
   11.835176985400894     
   3.3936113647799386     
   2.4069905222583055     
  -3.7224990644633933     
   11.169362141130902     
   6.3417988453205316     
   3.5577788621307773     
   2.5492824898164024     
   6.0599700857647711     
   6.0143943439205465     
   10.452680128560182     
   16.997886149787689     
   12.060476340456798     
   13.565290909245343     
   16.817784661923518     
   23.014778276201863     
   28.341302089486490     
   38.593241237804051     
   44.500766469021855     
   47.263652017378035     
   50.038157679865293     
   48.726312244152652     
   53.490489161271363     
   56.158484821700085     
   58.585197367557491     
   60.340559587652777     
   54.970247163057415     
   61.286421866980355     
   58.850154536023915     
   60.147327362859514     
   57.976275759970271     
   54.411512632604421     
   50.487599957370016     
   47.924186819868424     
   37.693122343964966     
   33.150110594311535     
   24.466037493103205     
   19.175084378415672     
   13.942027093947564     
   16.814158013302638     
   12.031756427218872     
   6.8984395350005379     
   10.263654225589988     
   8.6347970788007142     
   10.573951151173150     
   6.7848201627300631     
   7.7435768568113321     
   4.7260034853774560     
   4.7447662618020123     
   9.6662702118756538     
   10.817654946114937     
   1.4480605481111615     
   5.0841812085651821     
   1.2672793168844532     
   6.0541375040457881     
   3.9425176850147126     
   7.0599947411866513     
  0.61183492800144501     
   1.1403347247145168     
   7.2718818050719864     
   8.2135672431808757     
   11.015042991635513     
   14.419748593486061     
   14.706079068493885     
   17.283369185563302     
   22.044275147346951     
   25.320582959466410     
   38.833703338248071     
   42.191900746773179     
   48.364305365049603     
   47.942692682838462     
   59.169443037167916     
   67.544716612705230     
   73.015099818223163     
   58.024363020673249     
   63.172239269635661     
   58.441961012360842     
   56.182664283218401     
   56.663447174348192     
   53.586168240278440     
   51.642551220875887     
   59.112866442435056     
   53.538636557048783     
   51.723848234798737     
   44.719715926038802     
   42.908447352047247     
   32.203482242819540     
   29.817880154723671     
   22.184388985308082     
   19.022065772976362     
   13.437356888061380     
   10.348852969917315     
   5.3098452643399137     
   5.4526216072360079     
   6.4724378896411308     
   3.6345571733370203     
   1.8812924508439313     
   9.8145659126467084     
   9.3092985426951884     
   13.492117183832756     
   13.572117661069088     
   16.055707959711921     
   2.9714875072765019     
  0.24669976949723482     
   7.3710963997908934     
   7.1829410038122123     
   12.090714068271787     
   6.9355727219791108     
   6.7191723914304706     
   9.2739470443183141     
   8.5586368624139144     
   12.128696958646175     
   16.475234678180307     
   16.084476337296927     
   16.930993452552290     
   20.364318119692410     
   22.509283243775052     
   35.166583849669998     
   38.096301961033660     
   43.006129676102077     
   42.103199848806057     
   52.150234493422744     
   59.203710755418399     
   64.648492956696117     
   52.162507699478965     
   58.750443892382634     
   54.365566947540756     
   52.639565923359378     
   55.004235615269508     
   53.868645446969950     
   51.420285622178497     
   55.484391820326280     
   46.730628042880547     
   44.937644882353410     
   40.105086388182748     
   39.511897037713574     
   28.622458410387146     
   25.797062336178882     
   18.016309624881536     
   14.981127306676752     
   9.6757972231900169     
   5.9736161665434357     
  0.24123814156692963     
  0.86576129505012722     
   3.0467280577931173     
   1.0229069305949521     
   1.0576432352193250     
   10.613631532659564     
   10.125652057596724     
   13.202403813770371     
   12.483468339737007     
   13.838996569819193     
   7.7087974363078260     
   4.7723669725500946     
   4.4074298100117373     
   5.1910835476155919     
   4.9900909735645440     
   3.4659393419421836     
   3.4505181125929503     
   10.746565716797351     
   9.1674130179347095     
   8.3766282378781778     
   15.514782896777902     
   15.252021872622532     
   17.920733179760653     
   20.041502057431476     
   32.133719288868555     
   38.856359725443731     
   43.502360413944366     
   36.226805179733425     
   37.707769148064941     
   40.046552159146728     
   42.291771626772501     
   45.505781157096450     
   48.585332178579378     
   55.369250782289960     
   58.731297409028926     
   54.264147667163428     
   57.389414200073688     
   54.217699278707002     
   51.127027836538005     
   41.851446574577686     
   40.534041296059314     
   37.054696979906318     
   44.464768410820326     
   41.964134858867368     
   26.132820005003289     
   22.574783108767544     
   18.005702601275296     
   9.5820705315993546     
   6.0130676305238326     
   14.852560981613582     
   6.3344993401855749     
   5.9337581907722239     
   9.3792533513600276     
   8.7326061163310715     
   9.7455183072912579     
   16.613071052542491     
   16.792495485019245     
   12.455427164505350     
   11.217962620319037     
   11.254975084474111     
   9.4448461077604264     
   5.8095090817649622     
   1.2419024446567295     
   2.1280652413591841     
   4.6894348649637729     
   6.0022474103748733     
   6.1480416825081896     
   7.3829169132998356     
   5.2547771617340446     
   7.0779945605671317     
   16.823233100861994     
   17.048705268538974     
   22.340661529641181     
   23.366313141004223     
   28.695550629600355     
   29.075392433349741     
   35.229580841445404     
   39.935045016335593     
   44.057517603271343     
   42.924173177291316     
   40.869124267782496     
   41.905383862585644     
   45.628680503010422     
   52.177287839057513     
   52.299282707391619     
   44.682153365866810     
   48.020339188706011     
   50.779234757393169     
   47.188984715830067     
   45.889494199538753     
   52.782290310354597     
   47.971985273305869     
   42.093731086374405     
   37.845191830372187     
   20.932777275403758     
   17.168982723916624     
   16.177260755264509     
   8.7047256584617596     
   6.9400460639445125     
   13.725554239406636     
   2.3298582997762751     
  0.63719458459045752     
   6.1767594781203270     
   7.0047302397424529     
   6.1797892096679501     
   10.811916136367339     
   11.446483021253171     
   14.768338986554122     
   12.282971038763566     
   15.722386653048545     
   13.704044137302866     
   8.9222902360763374     
   2.3087602183168130     
   1.6733791228215535     
   2.9461411618338480     
   3.2714107751438180     
   3.7286363570610659     
   7.3534819402450324     
   5.4008871676109464     
   3.7335340809528761     
   10.191636200761986     
   11.429294515818427     
   19.583462794680994     
   20.774225085716793     
   23.500289373857420     
   21.185449593566066     
   26.639750190159059     
   32.446655122939852     
   37.537858301453134     
   37.209030224265277     
   35.561711684996766     
   35.896319441090185     
   37.441102801208331     
   43.298087706939533     
   44.163765739878983     
   37.358459875173587     
   40.039997947500439     
   40.133416555619540     
   35.696048098121196     
   33.622539686934687     
   40.115839266090056     
   37.101753802507879     
   36.561459761082396     
   34.543775594976843     
   18.598797159065430     
   15.805829857621069     
   15.801750694557429     
   8.7402721282334035     
   7.6287284830654425     
   15.918904489766526     
   5.6095347114023788     
   3.3690480336067772     
   8.2887289603178953     
   9.7586468330408938     
   10.236988296869068     
   15.745919080157087     
   15.461958410742307     
   15.835777911864469     
   10.096123424857060     
   10.758954832428083     
   13.066511676936637     
   6.5110465176749610     
   8.3309017417868425     
   4.8395080852433505     
   2.5710421333492293     
   4.2120451460656634     
   6.1317655155355233     
   3.6703113674300312     
   3.0900027915253090     
   23.724981373977283     
   9.3250945770535605     
   12.244470373477107     
   18.228251867058891     
   20.981793695233140     
   22.854177539520173     
   24.476899465148094     
   28.754163810969040     
   26.183251098727624     
   31.989423074426114     
   34.454081125484585     
   33.987929292738158     
   33.442996268470587     
   32.314875558266920     
   36.246176391429245     
   34.014502489411178     
   35.750693944265691     
   36.194429199010933     
   33.995392763131456     
   27.428330863653525     
   30.039538069188868     
   27.309870027499304     
   29.739650489779212     
   23.305523987837379     
   27.692745742051702     
   20.966994714658860     
   18.138246260155562     
   16.970560008086718     
   15.851174776580404     
   14.346072647297486     
   13.096284444888948     
   10.643386240690949     
   8.7725915598374229     
   11.405205721478890     
   12.897838500850268     
   11.169530680051441     
   4.0076595896428913     
   2.6135397825207893     
   14.225132141951875     
   5.1359776750908326     
   6.4265890632737115     
   14.452199897274761     
   7.9522938599698207     
   9.4969978388299587     
   5.3566824477450279     
   1.4546618340235224     
   1.5557126207835996     
   3.8160479363693134     
   4.1004110621313314     
   4.1616741801790074     
   21.905183246976875     
   4.3252783331817950     
   6.9091455305272440     
   13.583085473250886     
   15.955162495070054     
   17.010439939190508     
   17.972387630524892     
   21.754448595406064     
   18.892470942060569     
   24.690856478781818     
   27.452897929227973     
   27.085049277163911     
   25.900110916467369     
   23.007163705906127     
   26.132945287010699     
   24.172099005274802     
   26.446443486540797     
   26.792854221037267     
   23.349584868710977     
   16.672268875818677     
   17.932099668250853     
   13.866016052876354     
   17.611169031211812     
   16.298752619405704     
   23.144118110001994     
   18.273773775445129     
   16.836816940655957     
   15.111525307311739     
   11.593054605950286     
   9.5091681623639079     
   10.844664029624543     
   11.252213363932754     
   10.110830862223837     
   12.793818623751978     
   14.048675330174218     
   11.049006897897359     
   2.7454914886796074     
   1.3814548049288824     
   13.133671831973009     
   3.4612435899786598     
   3.0738322696829341     
   15.160059210080810     
   11.023840948241757     
   3.1085086291486386     
   1.2337334003808560     
   8.9423428760559265     
   7.2037772846002666     
   9.2255964157989556     
   11.872768619914991     
   12.323731841019283     
   15.745749460569655     
   5.3802512174696417     
   5.0361415686073094     
   9.9099158654417181     
   9.6186882594130232     
   9.0645281898563272     
   12.023745859392850     
   14.889864837825206     
   22.512036363421096     
   25.944769168907534     
   24.518967491565473     
   25.660729019286617     
   23.284175405912716     
   23.918897996295637     
   27.403529635440872     
   13.409118759154703     
   19.807339841175917     
   22.279353294290200     
   14.183849815890511     
   8.8952797181668899     
   8.8824948078596435     
   4.8028206988856725     
   6.5707198944120098     
   9.6329410318223765     
   16.033561667761106     
   11.097788528216851     
   11.026000083586972     
   9.1206948787442972     
   9.1608483124864648     
   5.6075618642354890     
   18.903187846608557     
   16.027453907251104     
   16.976970301624494     
   7.7411410487732661     
   9.2178508341615348     
   7.0610404181167388     
   2.0556151896281927     
   1.8787256278622437     
   8.3045856635560344     
   1.3376644276633918     
   8.0728945852931968     
   12.126482847041080     
   10.785254862734595     
   3.0842562181908963     
   3.9402333861815824     
   10.683994796813222     
   7.5011569131400337     
   9.1933933478452214     
   2.3253369120836624     
   2.9117096259165236     
   14.649958185904193     
   11.676196901410046     
   8.6983511717642727     
   13.090490120105361     
   10.698499538082640     
   11.986569762411678     
   17.409744841748523     
   19.458910263498186     
   9.6101621168125817     
   10.369755688993727     
   10.460080235788206     
   12.849135000154350     
   9.1265192736256520     
   14.239411827817460     
   17.884500825639535     
   7.2986517613761652     
   17.507948494571256     
   22.062224187941098     
   23.890370530043853     
   20.354568253229420     
   21.344740222842844     
   17.563485369077871     
   16.813948728412662     
   12.008718770888512     
   17.263484176354289     
   13.806567990966260     
   15.282352721753400     
   13.252584570424585     
   11.815345731260420     
   6.5557156565079326     
   15.415794179829117     
   8.9911779309122952     
   12.141239228387418     
   10.021623297480266     
   11.784294644459029     
   12.034391763614616     
   9.9183474615359319     
   10.885614714117910     
   8.3110746915392308     
   4.7391918900442231     
   9.9204141682742311     
   6.1536074884223853     
   6.4727914188375122     
  0.36707592498250757     
   2.3835233428538474     
   10.568241844703380     
   8.3468476864260239     
   9.0864552977413879     
 -0.53740002826305044     
 -0.95075939649642516     
   11.044106433683337     
   8.5664549418920757     
   6.4247829859675161     
   12.842092132130023     
   11.726820297372091     
   12.667096025910540     
   17.426175312140639     
   19.378852503370030     
   9.7785257655799196     
   9.7956929644271966     
   9.9679568214544272     
   12.462207872785424     
   7.6730773258432299     
   10.439813649929400     
   12.411082901145885     
 -0.66094361690309045     
   7.4814540000179335     
   12.286060779483030     
   16.211527465482739     
   14.611364152531856     
   17.394265827693605     
   14.478632198779151     
   11.381513130760224     
  0.92213090299899991     
   4.3806663026239940     
   2.8561019105713763     
   6.5524585255363847     
   4.9692874288554565     
   3.6230957183014110     
  -2.3601790479340998     
   7.5555635130110241     
   2.8446924642773355     
   6.9651565142636542     
   4.8729867713930464     
   6.6735223784163127     
   6.3860998967330511     
   3.7217433145979988     
   4.4925861041962332     
   2.2954744207612223     
  0.33344272285992127     
   8.2964683936247976     
   16.233795749883729     
   17.274053780007314     
   12.492641259764266     
   14.533692304937482     
   6.9955937995799680     
   16.262822712342413     
   13.974411016728821     
   13.306747651279879     
   9.6582717908076230     
   7.2147956023732842     
   7.7703295531455918     
   9.4323913423547587     
   6.4245832996945378     
   9.1992345283832773     
   9.9223909803866235     
   3.1786741806399279     
   5.3171238151474274     
   3.4165268292341469     
   4.2031535103327355     
   9.4049982613539722     
   18.480746993249738     
   12.630227393877352     
   8.6007868034924080     
   6.9970428806159610     
   6.6464086183978424     
   8.6588420768239533     
   13.231515394579759     
   4.9670097723924176     
   6.4260116542151717     
   13.355064755876933     
   8.1575467668621240     
   1.3566515899239859     
   6.3107307104932202     
   5.8239722755084795     
   6.2476079874465933     
   6.3411928376110165     
   6.2810657906666645     
   16.830544257048292     
   11.644530759105873     
   4.8101607267367319     
   11.955378037619584     
   15.553570229551056     
   14.363070318852579     
   15.512456503722637     
   13.068233940846698     
   15.235060924348197     
   14.341110603162662     
   15.515716539471185     
   13.375116245748810     
   4.6131682828966314     
   13.189725670272976     
   14.691013779114813     
   10.112214738575942     
   12.277568006835448     
   5.3897313176414912     
   14.996308843622504     
   11.668687668926326     
   8.7807720430222229     
   4.0049542474616979     
  0.99958564430179886     
   1.7867663646824932     
   5.7419679476094849     
   7.1148595931319951     
   12.643930667778054     
   13.363567662190960     
   5.6526932863702672     
   6.9265196267985027     
   4.5682846624721094     
   4.9912568215323132     
   12.069759605468670     
   23.460293119864826     
   18.272208322750505     
   12.873870872235187     
   9.3461314305514147     
   4.8926557284725307     
   3.0104142633484594     
   6.7179330987546821     
 -0.13426412723671052     
   3.4526751905842419     
   13.247311701582060     
   10.453830409379886     
   3.5278835892035301     
   5.5897647772816441     
   3.4478268799012151     
   2.7453222801786707     
   1.7273509553289181     
  0.86865088016283043     
   11.487877233319159     
   5.6444006671509914     
 -0.66296657135914461     
   7.1097218298106215     
   9.8585564928257750     
   6.5070287320456375     
   7.3007459454722312     
   6.0953552930028039     
   9.4912845362534792     
   8.2780669968154168     
   8.6866650336906890     
   7.7346200647121339     
   3.0109751562613729     
   8.3069785744064433     
   10.886651892174710     
   4.8271736129002401     
   8.2758263429779575     
   8.0848518290181630     
   6.6344811257416190     
   6.1966167457000445     
   12.987100855039943     
   11.030159241003854     
   10.080852984693687     
   2.0580267918848834     
   6.4956592183309887     
   6.4708531647559120     
   13.630939705409382     
   9.2062017475220124     
   5.5344948493991941     
   5.4418468931356134     
   1.0898826183033008     
  0.37388127452700143     
   9.2767549656109018     
   15.358264593711086     
   11.852332074403314     
   19.734242406628862     
   15.540612769214848     
   6.8997826523887191     
   10.333520401537692     
   11.964534150357734     
   11.589821712476263     
   15.653039675644857     
  -4.4282488940524418     
   2.2379055403988422     
 -0.24404718809861295     
   10.796010979705287     
   9.7335607098722399     
   20.428388442785497     
   15.980114733594528     
   11.320645757109334     
   19.030605427059324     
   10.836926296369196     
   8.7967597742952695     
   12.511440990202603     
   12.368701373278235     
   7.6602663417382342     
   6.6615097369062006     
   1.0539888444883683     
   3.0395133783903265     
   4.4892980486914364     
   12.105322952807800     
   15.556343835203817     
   4.5460911472854910     
