11.4101019657501
-9.42475063690630
-7.55131560674934
19.8830426390643
3.95303433415157
3.72055708356622
-6.82638271124259
9.95267102153834
20.7134683281189
-6.32971485488175
11.8017561168851
10.1596057332682
-2.65718772841018
5.38687000685745
9.49778719998931
21.4455727213798
-0.303512996292000
-0.0297745116281076
15.3465477457944
0.412468187047078
-6.10028424636769
10.1150528085484
3.98179028062814
5.11368710358019
21.6749586347023
-1.07465412828523
7.62645219877388
-9.82292508092929
12.3458471470198
15.3681504559814
5.24738729846080
1.92873458238674
10.5948505864800
3.80954906538496
11.3586611474705
-2.91674114580785
-3.54274654504738
-6.34753520863520
6.96975908170511
6.17762515370985
8.12697369900574
10.9069416790722
11.9651538827921
3.86893006173817
9.75687416845092
8.65964098830447
6.72352953664503
14.8520427088838
13.3936693823041
9.96898023498812
-14.8085519669944
2.20789508346716
3.91374859077120
16.4065670759577
9.83210552194703
11.8868588686749
5.00367646951824
19.6416735620924
16.3848834229298
3.72535046636470
11.5666303463611
4.98790708633777
-3.78748015762452
-0.632661202639350
0.0475273279258994
8.74148564258334
2.57962593356054
-12.2572126326802
5.89363788472785
5.86157581619806
5.97965691788573
4.03058531802911
16.2424268017434
-2.49924981705507
-1.04656931936497
-1.69418783224635
7.78219408420826
-0.422651789523075
12.9230075569706
12.2464763821844
4.66310662757638
14.5826880044306
13.9101836707594
7.20543775407545
7.79625921430909
17.5937563013821
24.7322517900598
9.00687313865994
-0.568779693088605
-6.29916294281985
4.45362838809534
3.28058033783762
8.95981565734747
3.97975805500858
1.45790098633766
7.89959458525943
7.17269129913744
1.07482768531755
15.6464160386327
9.56597598434000
5.57303624303308
2.17699029048277
5.88449501928196
7.03579301574813
5.80203212073594
1.14581785507380
11.0803125207365
1.56314568050515
1.17247554291615
7.23658275900960
7.72503438457237
17.1661067204557
5.01501534877352
4.57258762038426
5.19989694163063
15.1033236438664
0.876872554740078
12.1065447811477
12.1640905102984
-11.7491894509386
-0.0292601051622761
12.1436149796560
20.3572075396921
2.60962897470522
11.3728582476606
13.9015681224218
11.2373348442154
4.90469728076827
8.32811946320841
3.36695624112436
-4.89105034285840
-4.34750922271266
-2.65165425379026
22.5066322259942
4.60781324669757
13.2465410885174
9.76474373898098
4.67659099233044
4.97488893577214
10.7832357631530
7.16776417544040
4.48612891674970
1.73118844124494
0.483788169542922
17.3102061152751
10.7501700179391
9.03660693725290
20.9879272445404
0.888076956392084
13.1281639984032
13.7220712800742
-1.01912645799288
13.2028491386315
16.1132670734947
1.84661634978747
7.79282299278110
1.92663434030787
1.07983371643865
6.46240847227165
8.93472022365893
5.21047818660259
22.1376008302233
3.32784076353936
17.1802111386328
-6.33369051516246
14.6749919474831
-1.21726711859255
1.69981698621361
8.55190237551522
11.0776377185282
8.38593110865365
11.8904089765559
5.28771313159496
2.94414865257043
6.06794842941602
-0.988770099972603
9.33255040176868
2.20909576444973
-3.80164794140467
7.12809110745810
2.16364368411132
18.6450482705090
2.09175246967652
10.1211022130910
14.9130129491467
-9.98789812737251
-0.880222905998666
7.80922584338546
13.1005210351876
8.31468074101928
-5.87101187854215
9.58385716121500
17.5191823247897
-4.75913570796965
-6.91565016634012
5.50813018536118
22.1574685335461
14.7381324716239
18.7733884518424
15.1330633961175
11.1859102147749
9.12443654822555
6.21297698416344
5.49477870800650
-10.8812752773103
-6.06868954396532
13.2898022351616
13.1444610879963
0.667663659995921
2.09040405628116
2.32492674732583
8.34283259783253
-2.09471621151995
-6.08503454882016
3.71663384464655
0.904633838661171
9.95237030106975
4.28505350273163
19.7065094603638
6.59697241492477
14.9548906809696
6.61525059524990
4.06937845767893
-5.10318471318947
9.85969690733245
3.26613702831408
7.45695596178674
10.7868370885498
14.9702852524334
5.94336494451654
-6.50102349780019
-3.78657844759532
1.66503249490243
6.15137888270101
2.49284400364761
11.4740070093201
14.5288157413018
8.34884521123498
3.84939140230347
-2.28522783859896
10.6763576363547
-4.39294548461052
11.4083818149378
9.93460770894562
3.81246281332279
7.92259116014572
6.13536987215966
4.50017866681605
9.77280634884549
14.4641610883662
7.03228560998802
4.98051187023700
6.19198277523165
4.43332975541185
11.0191348079314
12.1935797407609
13.4790280409223
-0.980779716264746
13.2485669423969
3.22904954402617
15.9477498580073
16.3974173680190
-6.04638668460824
4.26399038548593
13.3605994400655
7.44175524099244
10.2199349242400
-2.93129946630296
9.75115373301677
16.5542797998920
13.4339933998055
13.6203713005586
-3.21838407704156
12.0234431313651
5.76218243701462
12.8868414716966
0.291322157200170
10.8212280012765
1.96638297956679
5.58129701010293
23.0618739971240
-1.62444489133473
7.47166801410792
0.425468821830048
19.1015060428275
10.0541104883490
-7.73890565997866
17.7392572409579
-2.06860049574668
-2.60710373141079
10.7124727778599
15.3992009331869
7.22603100954673
-3.65499741642905
-0.0773757523005170
3.41811510678283
-1.37266398804533
18.7426451927314
15.5967107262180
-0.576543346214438
3.95914420965183
-12.8890521249828
4.48216425197581
11.0112887153748
14.5269161194369
-12.8808144960078
10.7360523965163
-6.01797271709555
-3.51601752182093
13.9855755613577
14.8415931327709
3.44033552874817
12.9079388646301
9.54101090124657
2.89564542619874
19.6917440579660
4.69216217691064
11.3835498494690
15.0689530868470
15.9899522542685
12.2334789899855
11.8998587227972
7.10579218355117
3.07510746573372
16.9433133405185
9.87575211256937
2.60789729949456
19.3449033701957
3.76895834142545
21.9694103000522
12.0411167621466
0.495024149577887
15.3943843427399
6.90130232302078
-0.187832695787625
-8.65347869613876
16.7123278613509
11.4741322437560
-2.28202787160237
-0.855462588543507
8.77910842444473
-9.14582567378059
17.3217077303399
29.5222968484507
10.4185678371083
12.1883368196795
-0.108118529529075
17.0298512888472
21.0985614391682
10.0878681334900
15.0481916314901
23.3212529448422
2.94372071646050
5.41573818142649
8.34090088585430
8.16521010874349
5.33959218192343
5.11272878506416
1.32003471164147
-6.32648443423977
3.81758748981720
0.717198054079572
-0.483030678500070
6.67909379343616
27.7370226352446
20.5224999640173
-6.20103518213917
12.0144034000606
9.53670231543190
19.0193241394031
10.5213435800952
15.8622692166333
18.6950114263009
11.0237071417459
19.1844702003750
28.8839895894784
11.5221173202154
22.5136258485356
17.6943698536407
29.3701819342978
18.1046176667841
11.2560468252936
26.5118194585204
17.6772504425412
9.88867212990967
20.5262733907265
21.4732905917342
3.61730842962227
0.658178522452392
8.96343587392189
-2.97796290549981
1.22000584719063
-8.97880026612490
6.20957250165302
10.7015501377411
4.17124925658233
-6.81185590157336
2.17469718651195
8.23171292820502
21.5042444246650
2.37672583862809
10.5844792304417
7.86364635227359
14.3538685610019
5.67635629057994
-4.91827214107139
2.11106615815072
14.0367892854396
20.3907783802062
-5.79943333103602
7.68296879747914
5.55517307368144
22.3319528437730
17.5826875767536
7.30059551022703
23.0836398017565
24.0180585926227
22.5780981990631
35.7106185131731
10.0698364888821
30.7130383659121
15.1266580863086
24.5940612042242
26.4461128167742
30.8225473277122
26.8038719849167
26.6297350610137
32.0267912935681
15.4505817356429
34.9088632788060
16.0167597986139
28.6478929811102
28.1267200492002
17.7707465351165
22.4277242850783
7.40051206397061
5.20936111142798
16.6218647834233
4.25130674471236
10.1613594810478
18.1317646891206
17.1011267565682
5.64361043741999
19.1324987531468
6.67213707841858
9.53316875194917
5.78214794756480
8.14719519343827
12.6498927192250
10.6244757981944
9.38219842535166
-0.136908268575129
-5.56051515891436
0.312119441476543
11.0469190412744
0.605868123762305
2.51137020454650
-0.0911210966965506
3.81960773481991
-5.03396858685896
13.8193603708079
19.2719507898947
-4.30195321088492
33.7482522201276
16.3201268304351
36.1702206139545
16.6019384495608
48.8971240256526
25.4995190876813
41.5186046749160
48.9514330428150
36.8380454897984
50.4758909531914
52.7807702219828
46.7372875831544
46.7505221408277
44.4744190767727
46.7008890226437
47.2668905364124
58.4581088293833
36.1932706890214
41.2839801451958
37.0610839609732
25.1850978136744
11.7837095691917
24.2468799759236
15.3547057397373
6.17421604089540
-3.26406869458938
11.6066914990269
-9.33542355194483
15.0581070635252
-9.05653171405183
-0.469455309006223
1.14463195417533
17.2911184512189
-11.5240677346982
-5.98490254288818
18.1050447890732
-1.48056440595380
1.71065282002488
-0.733770057653941
13.0628201622783
-1.62696242864681
4.60393074859784
8.30636037532950
5.16521966959325
10.9525593555254
10.7803569711688
8.84315229155279
2.89462848901098
22.3207406608906
20.2864704530931
39.2595814220249
34.5023363470469
45.7444860953550
56.8035700493161
42.5207373980097
64.9179375956707
50.1469672794204
76.5595611568055
53.2719842241981
54.7363246929933
57.7328462340854
54.5847478247676
58.2692026893484
61.2211345171432
53.8512816999501
71.1306703627955
43.8251904295171
57.4739448406799
57.9128247281218
30.8394435236374
42.4796886866745
26.0072090883888
29.2154086598934
18.3429425626950
17.1997286565588
8.25031831904235
3.12194816997008
23.0807204955496
10.0179780185409
-15.0081570575671
3.47756440544705
5.18700741411156
-4.53266205328849
6.25719010611974
1.62910543212252
16.9823519457925
9.17094945231994
8.39844818559808
5.20369737628123
2.95523913984508
4.84830612913087
-8.88083995881145
3.15344659389716
11.9345968165731
-3.08556528760972
16.9642992010653
13.2239109635814
10.6263795223689
19.1862540829496
26.9465778218774
44.3699032311854
37.1229267003673
52.6459746280757
65.7935100471035
68.3472546628212
81.0878566899095
82.8688268228344
101.672478957449
85.2673239447720
85.6298872521785
88.9113332998787
92.4843524846187
95.7107409096739
80.1869877629302
91.6669293309946
86.3298889331842
75.6271114859082
86.4193419359728
77.1514160982231
81.4587045558022
64.5892556297223
40.1600517785383
38.6611883229856
23.8267780324200
10.6885177910979
19.0912073015324
10.4771091341847
19.4958151722243
-1.24749236344893
-1.17866482208716
8.52038140169499
4.80873569084951
-1.50808760943109
16.3645039581235
7.85057666257822
8.54161902548352
-3.08664490899769
3.37504034133779
8.18352761272435
23.2107764954534
-4.08532197164420
-0.819939007639592
4.70838671360588
5.22099511477967
7.76539479216280
-4.05678868214540
25.6269371287764
7.12155402333976
32.2750109001615
29.9816221866626
59.5887984659779
45.7446066748328
67.9071616363988
79.2599256999619
94.9822873865271
103.026873791188
117.592278033820
111.898811895842
111.737329893894
113.553752230581
100.634018437903
113.063503950665
126.456150990885
117.052521632202
134.408895000657
116.548454805189
100.828880479523
95.8347184011344
112.550149022593
96.4128164299657
62.9089122317524
39.2597547752320
35.3338331351582
41.7434491997238
19.2756121078016
10.8865959905321
13.1562926395970
-0.0751670133589251
17.2312970676125
3.94207919292088
7.06937205615028
-0.136732431577570
10.0980296690140
14.8009480257005
5.71632085846771
-5.25790485584745
-0.571370984574187
8.74994022087199
3.96473726607605
15.7490048272221
-3.89035628798236
11.3282231468615
7.71957627901977
12.9508405291749
-5.34503148267287
2.04359091386083
18.9347779759328
10.2750061443137
34.4395013515163
36.6474469153971
59.0438817417929
83.4731199825544
93.4578550742931
98.7180197944858
110.548013409655
134.030811346841
134.515539410069
129.271277786118
137.844356696858
128.005877106221
143.135428476067
127.072197247333
126.547121743655
155.525141872779
144.597407707158
150.020407392657
130.116060926505
125.545155763065
127.870070995379
102.797965222394
80.2366790952067
62.1559270711399
51.1171345527563
43.4450998949884
22.2157121212563
14.8399626693979
16.5369267050631
-5.93011349338376
14.0762014013629
17.7951110758839
7.62384675979262
1.68911335820011
22.6632946977476
17.2392200700872
11.5978646300221
6.62816803565135
8.11188964773158
0.656529510670058
6.45392189527789
-4.76773333236988
-0.0470218151090647
-5.61272339284930
5.08226959665898
6.06064433211316
19.2942490305949
6.06301844376748
-2.52905741079995
21.9314033548278
30.4999272212394
46.4353926164230
45.9897564651997
68.5752727576914
108.783703496127
126.173252415276
144.996263894386
128.373817638651
153.600340728657
139.213627086216
153.289742776065
153.793635953291
154.320213429314
168.437152079479
161.008936686997
156.946072334572
158.362929223016
146.527024765931
129.488893604010
136.869328074401
123.890470461963
127.902083990154
97.4489636621308
68.2027624747583
45.0588244522993
41.9108190349468
23.2874189127621
21.3367743067371
5.21322485954873
12.1197475894527
14.5673651027161
1.71460421349317
19.1171605509294
-6.89859809779701
17.7919937138503
14.1228400187910
8.85305486212505
15.9013944464451
4.88642533153781
-6.69721618275642
10.0374041086416
-2.91611452671096
0.384810353525846
7.28894824573046
5.72720076877340
9.98753736842385
16.1225183647976
21.2557881730074
11.1102323708192
11.5406493978642
33.8449752566019
43.6549600385753
56.0421096689698
89.1158419528726
102.895393833973
125.840616142239
146.600717951473
169.529672630520
155.381950209856
185.339950220696
155.074412119397
175.015061342213
148.774669887408
184.347364419781
178.036526653685
181.220585194465
162.249852922826
171.486965829466
161.675703899533
148.065516830702
151.449327700371
125.717710230405
104.451706387445
84.4515273111014
63.9417296106737
32.3032531030498
20.3055262454469
27.2521705095293
4.40029176212807
5.31944275359749
2.48069463498176
15.6818631163889
9.82741915975000
0.952099982775149
1.82918158645086
-2.38833589742237
3.68174246621651
3.38802310260220
16.4320171213217
0.385732112300904
-3.49270817253948
0.396174717242249
-13.5473913883851
7.56379033539166
14.7315061605592
0.566894832997183
-8.61975632946583
8.13716607093032
19.6149219168112
12.3451513036568
27.2074160152847
34.1640116826485
58.8228405837401
90.1173419784171
111.398761227797
131.223388267508
149.233708277071
154.279682300214
166.103113997148
164.295111594876
172.875207169730
163.809296434526
190.415901720639
164.249187746265
181.751477399692
167.028077276060
158.193758119278
161.075843648898
162.430213694644
157.274304764056
140.537534394260
122.908740911782
127.236656528311
90.3888505905377
69.5653969393822
33.2637985896718
23.1983392541443
12.9321428846536
23.1095768259487
5.24854502574970
20.5320778482812
-1.28135566390418
8.20428464746439
11.7426354108217
21.9026260548105
-0.356471662210391
8.01677811118983
1.93030944259298
9.31271513372916
0.775478249726438
8.09855815358272
-0.583430232186970
2.55241466865697
9.36459378916027
0.681660183174110
-2.89571440336478
11.2739144898043
11.1663219565147
-5.32102420380404
25.7243213648150
33.1266644571295
50.8956540119166
65.8468171225083
84.1240310799776
109.234792709877
135.312769595776
141.240325926808
165.008930600284
171.690978346155
169.168861446954
174.522455880846
181.916936797094
167.274434122600
170.522450593147
172.469304889829
165.072809052966
164.428170778026
181.658705151968
178.020639842177
160.845152718959
139.518344566198
121.179334107034
123.513547966887
99.7545530976938
66.2209412221621
60.8468006998418
32.4954770446258
27.3407536603712
17.9069696110958
1.39217502575915
-2.40070490072882
0.992829274476520
1.60064617277322
-6.38811639149213
2.73180147760114
-5.70001097269929
3.78059088950739
1.41077912097526
8.06412652568774
-8.89808490210848
-7.93204939589545
2.96602890171445
3.14673741687750
-18.8342757433207
-1.43155221109116
3.17598502349042
11.8803351644593
7.00425214453937
18.2619389987492
14.9214751582770
24.5252431991677
45.3580452421659
64.2638554901210
83.9921145391488
113.659052387826
140.173728141181
147.243036897569
149.886214632133
150.191788915177
153.195954231406
168.131878287688
165.099012826808
174.652731692141
168.087952838304
164.751872180793
157.702448459291
172.539739147697
178.930456011133
172.100786663267
148.434512846356
139.276693398844
119.569088950795
107.495556603952
73.1742258911107
51.8388863772321
47.4214422024124
35.4665146077022
18.4476086488308
15.9356960553540
18.1431842257445
6.91287982220410
7.27648528545281
13.3620675216261
10.1923147217477
6.84988271616750
4.81722722029164
2.53700120086326
-7.30340343844542
11.4313244051190
13.3850901871989
8.39515441973837
6.24148936716825
-0.525552231158858
-1.34337793535391
6.64444317084540
-4.52107044731414
-0.409354875349466
17.2775631842208
16.3752506082393
21.5684770327864
25.7334567833225
30.8246431253557
43.6384828650466
72.2957534935822
86.8004069742154
121.852918155096
122.761815456147
147.627887369255
136.896566169371
150.922661695683
147.849185323065
160.155346351807
162.443626065628
149.869667639381
154.478900027333
164.321181293472
150.870098407088
157.957515566137
150.330377163184
130.430740562926
130.729846289952
113.325737498950
108.647062381614
76.8295283316273
66.9211707956546
34.2622073004461
28.8200116188309
17.1031648530093
-2.21096366404326
11.0115854432259
-4.69217202255857
10.8366679183119
6.34843413086822
18.3876072486872
-6.34690176484593
4.21495688730460
-4.08465688119133
16.9724357242342
4.72215014710698
1.50328111547229
6.99136766549667
1.95254835496555
14.8659314343009
0.516275757790130
4.46391896954409
7.86296450065542
7.81554623210377
2.88938266680446
10.9003278984056
18.7527579370631
14.2612921788505
27.6704135802212
50.6934185631750
76.7912882214576
87.7590636140554
117.415910022986
133.405063682793
116.139210527972
144.355541499919
124.608164726225
133.820597232258
125.164352952194
146.667886307486
143.695687255755
147.598963866673
136.481816865093
124.745800919010
125.798994557206
129.467392547601
122.309989340030
129.323557182646
106.895222551670
82.4812156353132
70.3240628626763
40.4184761433111
26.0545273002099
20.2199156441748
18.0002761923815
10.3028593083885
15.5955063653541
13.8066958494857
-2.42299026258572
6.52493874631494
-0.155612504191567
11.0278037348797
-8.90974734946669
4.44284822684003
-3.08985870443961
14.5957975870978
14.6221904776663
-2.81420697778096
7.45210385449661
8.24403030957922
0.639851990068191
4.00991908257412
-3.49158382824235
5.00395310378285
17.0187234997497
1.26541860845427
26.9495146541668
16.5254054768930
37.3927039293944
31.8141404883021
54.9920584373991
72.3482026908888
85.6533911658277
80.3454181610266
103.649276164175
122.471002634620
115.657118783890
124.409694956924
111.767077243627
106.814293522317
110.410231048025
106.820110346206
108.499024557354
95.9973687665632
115.700355194306
124.323753120197
101.422694875982
94.7824959004217
93.7169426342540
72.9977929521693
59.8214570284753
34.8248071909746
26.8968462620682
14.3407808375155
2.81072250819359
20.6877014585093
14.0783174671348
-10.7689589083277
3.64811685747367
-4.50091228559538
4.28943752583631
4.92561823843774
17.6802306841149
-0.803993670102155
9.03795611984026
12.7759796077160
7.21639639950065
1.43954108251909
8.47256530270423
13.8133367797249
-2.27484169973488
6.34140839275059
14.2376853604741
-5.26529650458898
4.23486621311119
12.1193733758200
13.3179872936196
12.4316665954622
17.2691893065831
29.9831016065898
57.9643847232387
55.5199728492939
55.3386233809946
75.0228252645510
90.4939736390838
87.4582958979366
86.7346094471406
83.6566989487478
80.4132753397250
99.5395777693229
85.6234882154559
83.0985592074956
88.5858279294748
84.9690027913612
78.8402151826050
90.3157334426908
80.6205669688553
80.7155732136010
57.3207795678504
57.8135856961398
52.7933034710405
29.8682875568923
34.9582877583530
12.4920008810349
6.37334882286122
4.02364799218162
3.02264974258058
5.52487686083988
2.02903249572604
24.9959022992086
-0.797559570192361
7.74371116034095
11.1408714415721
-2.47958974206399
-4.27122596245376
-14.2080461721181
3.02813913198155
9.73440592453468
17.2199289750066
0.424138965072604
5.09489308575536
-3.18669228684663
2.74361657807331
8.82133562651551
-1.33679593830593
0.101475960305883
-6.00371773469334
12.4430801410955
27.8471852320785
12.5182001858386
39.1931652377771
47.5639838546883
47.5356834667078
52.2171098857596
57.8118523487225
55.6108931202358
63.3779764470402
79.1054349610159
62.9549785743465
66.6481079016883
61.2537925926890
68.6679656831929
81.4195774497413
68.5367266952688
52.3168448788891
60.5483698188924
51.5244523623258
50.4844931995041
60.9361990957847
31.4942520641886
44.5719733108100
28.2940941818637
15.7060962676171
16.2728269689289
17.8732781314402
13.6752295091332
3.40400259781903
7.76358856264557
7.80146963553331
-2.11732772361535
-2.69012778512037
15.6158874830812
1.19948053048378
-0.529180530133059
6.60754735415456
3.64057272702425
10.5782063131474
14.8669027516450
23.3543321281551
1.84493421233441
5.68162414154401
7.05733891415982
18.7067250838033
0.0589659244455207
-2.21281447927370
4.76321648226054
10.9491501812046
14.4451139082173
11.1224629465465
25.0206375575326
19.7915139248072
13.9398393504749
27.0908501863020
39.3965462141540
34.4449585924625
36.5506076371800
42.7790005550099
34.9455570342164
39.6997121417087
43.4637773416582
68.1382189558140
49.0012556889731
44.2429253140970
37.3011647682291
52.4607381232400
40.8248911535092
36.0104147175543
33.7884080475930
34.4664917611754
38.7195743396693
37.1404500418085
22.4255482508092
30.7764359763792
1.00197771093513
3.42194106499026
14.7469245432224
11.7884584061379
8.22769547191496
-0.186721994755886
6.18268935294457
8.14895828449145
19.0264696484189
21.0395023564570
2.89762434645412
4.40518096857673
7.36715976211114
6.51693834501273
-14.5598152945472
-4.11112231859309
1.47821881547910
-10.5266514057693
7.15424023264841
1.70030691363412
6.04796510644768
1.92929107521219
14.5646078777408
9.10140910700822
12.5659811951623
-1.80732577745514
14.9140021166309
15.1166828455153
23.3887891867377
17.2522629227100
14.8402457133899
31.2953808087056
29.8448728759962
35.9954952565229
49.8449585834902
30.8080655883716
30.6221205289659
40.3059931716913
40.0052431979873
39.8576680278300
33.0331602535966
33.4716975943131
55.3949926116817
22.7711403187402
18.9715063040458
33.9696061175305
19.2515523616551
17.5312877232754
16.5024736142688
10.8268677495870
5.59343401962324
-4.53415445508802
-13.3183194841225
-2.61914496177751
-2.35134791947802
4.56649086386427
1.87808482307498
2.46878151388569
14.8618952798168
21.1109938853905
11.5130521680611
-8.66784689886654
14.0502008251094
3.11384765316345
-4.10896221849363
8.15186026474902
8.26288360485292
7.14424215135314
-7.29183848652232
12.1372579359569
3.75350272771816
-2.44161318106872
11.4836464902048
-1.70417756240143
10.6436954595741
13.8092227363788
-3.46143853795742
-1.54376502010188
11.6370307607146
26.5457459303243
34.8715082585901
24.6872732600969
26.3775911606514
27.7569410335730
25.3604867445537
26.0449708385094
25.4753113476176
40.7448348309358
16.1254467096292
32.2091652355777
29.9146738201352
30.6346962527282
22.0709234621538
25.8514472689283
31.3765012791180
21.3421176028396
11.8287536519597
-0.751351970381633
16.6578783887183
20.3057949441112
8.67751671216937
5.14315243490499
11.7047901946828
16.7229310982263
6.47766395564023
-11.7591905560701
10.5650018861036
8.09981855558979
4.79234225436936
1.36850551645436
5.63408665415201
12.6671129110500
2.97308873920611
15.9544358518865
14.5496075858551
5.94975703813408
7.89958998989837
6.74522867037619
8.78421827734994
-5.07698558131907
1.70141545497807
10.8220681841572
-5.19818771524537
3.75470629780128
15.9097901840765
11.1247885822738
11.7419930161740
23.8144594007883
4.19858100458440
28.6595884974094
15.4072741464235
31.6363087468711
24.2248791829173
31.4747653373957
25.4128722082969
37.7392198726402
24.2058010166296
19.6959582980594
29.5162964459747
24.1387155284807
18.1135023390095
18.8211109610939
20.3666554282769
21.4923255145459
24.4550547649504
22.0663865234459
17.4727237340375
0.274092054799759
18.0102103109011
6.13726527542391
6.14848461760094
-4.18851937378250
12.8285062961207
5.88530938062250
9.56582436924039
-2.22481804895238
-0.438431846840627
5.16709456410653
3.42406818499961
-7.88015512379737
-0.333865543202483
-0.712667009563636
25.0823542936029
3.93996377851301
-2.44395685075739
3.74460467680953
13.3398090614470
-1.45253695617452
-3.38285027491263
8.66689076210909
-2.57063757773854
5.84761054207418
14.0869004229356
3.85684488566797
17.7677038581495
7.79924861089381
2.28964384980943
13.2931647054505
23.4473003540532
8.42796927262814
19.0509908418432
25.4253304306761
27.3508199067173
26.9515608620243
28.2632225085410
18.3540842782388
15.5714728330009
32.4341587060696
42.6639130118229
30.1634899110915
32.2718018579283
21.6516102995581
17.7827444010300
22.6109963906376
21.2692898354086
10.4206506921988
12.0571333252260
18.5126361034648
9.56123226791901
5.72002623049151
11.8200071137916
4.70206343285317
5.69354584868467
-1.69886149672867
-13.5285410130397
-9.31680405843346
9.77345798068567
11.8299216102631
10.2354500396163
-6.82131229522919
-9.42700130638870
23.5486592158680
3.09991148860106
30.5914048183698
10.2255442200424
21.4665711399468
3.62085573511275
6.84259228253024
5.35341198141251
3.00699992419632
13.8016384656232
3.78434350983889
3.94381259175590
13.2074041371460
7.55393028493007
-3.73390206920029
7.33085152102887
19.9559516939450
13.7459645214743
29.3816928057452
17.6642865420272
39.6455845340210
35.1964076766364
39.3873618218948
26.9296440944296
31.7934884907418
40.0793562371537
37.0396621441696
31.0289152319849
40.7907634939119
38.1095338291032
35.4138738352984
20.9488986787512
32.9573257776056
36.8155581133646
31.6071642984495
17.3275323225533
23.3967941413752
28.1194555224184
7.29661593942660
1.31482064420899
6.21663844625705
2.88649297433137
0.0269412490958461
1.81617259558975
6.25753534438753
3.67042042497209
9.65286166740371
4.07171694668246
24.0311508859380
5.95144120596359
13.0848445495614
-2.01295922563562
0.791753906584478
11.8762103954562
11.5803238859995
7.30141494035808
16.6255583318803
7.07219450269098
3.25801446185687
9.57532434968843
2.01695826926313
0.403291614670032
11.3328819640819
14.5966347075959
9.16538227397610
15.4737855023933
23.1562072677432
39.1098473477604
40.4899242998693
35.1506884288424
26.8764764933013
38.4827109640410
34.5287606782142
41.7768756526129
46.4483991698612
40.4054191271857
39.6919737849395
32.0177814350382
46.0887018929436
44.1976808553310
36.5854595960716
27.7855907012125
42.6880820532609
26.5789748352101
22.4526677766128
32.3990625954818
26.3713032524238
17.3640603374055
9.95008198128019
10.3071399825133
13.0823069230039
6.77439890885699
13.5434761550394
2.17168413262331
1.28415150092385
-17.4126134403774
10.7817813250436
18.2384777247086
0.187453248371222
12.1913334574031
12.7196987427710
9.20843437746818
-6.43548827888420
13.6123513143437
16.9826714585963
3.76008838762592
-2.92080639289328
17.4432085708109
14.7862514269508
9.16942751470201
1.08832272345739
9.81153201334250
10.7616923785482
1.96745366689416
7.67821222088955
-5.36976721863169
23.5991376090258
35.6980603947786
36.5234535373191
30.9491348971470
34.4598843705304
52.5226601833415
51.7984547101957
55.0292128446512
40.0997740708900
48.3197621722844
52.2293772479152
49.7379585937660
35.0688696291606
43.8853535999023
69.4631612920484
45.4312002226225
38.6318790393032
55.3858380301888
28.4025909153046
23.4143550328571
23.6348647540942
24.3651669323664
4.12039136877835
2.83604300506422
9.70235839330791
11.8919923012095
-4.21839299388271
12.2262851334952
11.3460257361874
-8.17740360975524
0.899211800563576
-6.45546995604306
7.79720681974165
6.25022741963726
10.7688769372083
7.59099422721469
5.39163613004137
11.9634399273345
8.64103116884126
10.3491151342470
7.39266858301273
15.2732735530166
1.76663155575043
12.8894916158464
12.0049149843141
-0.150781663242103
6.64920006412619
17.5070988018014
21.9878915326814
20.9767988597971
30.3105901079495
28.1012610298211
50.5288480119707
36.8828351512607
59.6231762287767
56.3959662443746
49.2025976742572
55.6230585319264
41.9637918232047
46.2567260195303
41.1772859445347
55.3370029825859
54.2956727082424
45.5188074494619
45.7934735237799
51.3316437430580
37.0280453776797
39.9439931230939
33.1142105771916
31.1577776274046
26.2167084453495
16.0832183388126
12.8398134627817
8.60227321750262
7.77150308312172
5.40098514836555
4.07459039583013
0.854455127534943
-6.61753279036032
6.22601104481345
11.8500087863480
-3.02687201563203
8.49957784150361
7.56843906484652
2.69205272410324
-5.24023954977273
12.9884333504766
0.282825101891389
-2.23151746562757
9.70919350178810
5.69347612134715
-2.09295903129048
8.02233760290873
-7.73271878383284
12.9087255408514
10.6394193197619
9.74833812497364
7.91460782786069
19.6787061029616
29.6289097272371
22.2232213749406
42.5132192636307
35.3777749827090
48.1053283723161
53.7291959576028
44.7595210610143
52.3115803190300
52.6671672310303
55.0538559562948
48.1299950803868
63.0716124910298
47.2749154600475
51.1606152869271
55.1028295255109
47.0266652626047
56.7194775355853
58.9857810973190
49.9896322501118
41.1282112105267
43.1881109493990
35.8647365653442
23.2409405193038
19.3507953281370
27.0276492919802
-3.50717689698649
-1.83431777988882
3.71290163389154
5.88843440693868
11.4323920923586
14.7131955193279
8.95072395088040
-1.89853260603484
2.33434355845194
15.0654656580837
0.418717680016778
13.4976591317162
16.9554008245602
0.738313946687812
17.2829376711603
10.3002183441094
5.28440102290472
17.1883450566082
4.03363745121529
-1.33305113078360
4.01154069006235
11.7291460069587
14.6801646182040
6.71378047348962
11.6439210788181
28.9129132109234
32.2424398911063
21.7362328851146
47.8722267337751
50.7268480688448
36.8688036011204
60.9824624378706
60.9836858323275
50.4453022138848
56.3151369353509
66.2758384548897
63.7181060706225
64.8711167453368
52.0137505463523
55.7129782761985
55.0560298602287
60.9415429499192
59.5946903036060
54.7436194604397
40.1060879215892
35.8827379086844
19.4273542155371
22.7962034301595
12.4334252777419
19.9386678189761
5.38940438725792
8.02118463119461
-1.37599926043525
-4.98115449110785
9.57657957096992
-0.560290415438053
10.5654406511179
-2.44410632886567
2.00112727207109
7.36288909309638
10.0586568944907
8.68958226273952
-6.31002777260071
-11.0032225750316
15.6494301735656
-1.91837362984697
-1.81109185049172
-1.99942380585198
3.06383813644111
10.8083524244349
8.69791546156678
15.6830935575307
11.1059597680746
25.7183014782300
28.9338470560857
24.8387431676556
26.4117524240036
35.1238319750334
39.6096393048338
50.1450629515918
55.1842232766863
58.7511396211295
57.7478349315640
71.0888805364459
58.7527673091203
62.1783055836218
51.0453176340387
72.7944006423381
60.8230300160850
56.7347715160326
54.0510519646271
50.7391021352291
61.5908177509665
40.3378769376720
49.4751954291775
29.7346122041387
18.5190763550796
10.9777515025715
27.2698646633719
19.9474234378483
12.1713261587555
12.8951043070655
8.88979439439572
20.2995743658143
8.97522197501704
11.1254449322162
-1.98434033118375
11.3867053945257
-6.63851212072277
14.6129388153949
12.2949811613099
2.85395351959887
11.3550644651191
-4.05931381300990
18.7390708797598
-5.42180711806476
9.23036542007700
-5.12134624438451
12.6708181471066
3.09575757567046
10.7524772535418
23.7650693516736
14.3698078623317
-0.427863316061133
12.1442833073369
17.7880186349129
24.2753430729965
38.4600571657159
53.6455583405069
56.5099340699510
50.3562157007841
37.3321810964899
54.1806335656125
52.4005139459643
65.3843707145026
60.0301559154769
51.7825738115230
60.9072327668877
51.2509520346424
66.6876951027561
62.9684692434961
57.9168543107572
52.8956785501574
49.4316979541361
28.2079047914348
34.3628449500812
36.8695139254359
20.2313539145536
8.42644982241310
18.9476617591947
13.0243944803079
-1.42147366837437
13.8210197943689
1.97428592280854
15.8001881166036
9.78449839616237
8.14188195656820
5.50371802074655
11.4891216785274
4.25219577854107
12.7251243343562
0.650913309918846
-1.88051929786119
4.17560948433349
5.60882693538598
13.9923914099083
13.2185678522700
7.23415037851784
-5.81495095271543
10.3273463259031
9.75874125366252
1.80867453277678
12.5972020050658
12.6786581677562
18.5354913959740
17.9735173161203
32.9546274513774
41.6865213588080
38.5855625694638
51.2043069818300
45.4670896573136
50.9109839274820
86.8001638939101
72.3804339999908
53.2978978441141
62.3032508225980
60.1835052180222
49.2565598653685
58.6847777844333
57.7227844475928
49.4644775870053
55.6809906406241
44.5480902969891
69.3153886376377
49.6147347093336
36.9627374470262
28.3743738165140
36.2868639305313
13.3784242388503
27.7166595847261
12.1356058959937
15.4959960103843
4.72445877267787
3.39939214870183
7.41608348468678
0.374000739506258
7.24424111228205
5.29146155991155
11.6275090790404
19.6820092154142
6.57911040314976
14.7794173238895
8.06901254031901
-0.808270626980285
7.84972555746610
-2.87228142595899
15.5608011763198
-4.84916737059288
9.34017647033650
6.35112918714408
6.78329795091852
18.2274867860763
15.3878519534082
24.1232164340596
20.1028870238403
19.8198337857828
20.5277497440477
35.8671558241566
32.6838366504457
43.0209085343426
41.6357560421714
54.0070915724002
45.8594092658530
65.9157331047126
63.2135010296495
53.4360037042161
52.7165374179636
55.3637587815124
57.0560159491999
57.9707362099489
45.6077725790207
56.7072363977826
45.5193265194256
39.5913393219771
43.4646018507362
37.3971203453912
31.0350205552116
20.9086915995170
26.7010127441156
13.3637841050505
3.48490275229188
0.361343093510271
-6.37298076773186
10.5713906503096
11.8603841326622
-5.46786748728245
-0.0112355280357717
13.8183932116046
4.58475818076084
4.45355531892403
22.0928358273362
15.1007282655375
6.35835336556889
3.89070100548011
-2.60171170890195
4.20938122267355
7.64481980733479
10.0317119411837
3.12548605930900
20.9628944601999
3.03480578301928
9.97317030844944
7.29663525101215
20.4455097263631
22.0371011659856
8.69203493876995
39.2023034872077
40.0734710859821
42.1952634128055
29.9838965358869
50.6990385662347
38.2086675958940
37.0922460651989
48.1237815370904
44.4488761335433
59.2538441750538
58.0265079792495
49.4213822569807
63.0459315437673
55.0365168729079
49.3840613838129
42.0807605563037
45.7920822307565
29.2613677034006
45.1926329228356
41.0167458696091
27.3495419555131
23.5128536683626
13.2747877196480
2.87840921947893
17.5446122202036
16.0721102394754
12.2701685467848
-1.84212840478617
10.9145675110330
9.11266455084887
-5.63397256582512
20.7598248015404
27.4352189404466
13.5389260038210
10.8171513984242
8.84017656319983
-0.0683720802673449
14.3045735856548
-1.35893483330296
7.17073032709804
-0.148787497704282
-1.56285804437070
10.4438772938551
4.88177198364036
5.97365555546051
4.00380144128951
25.5766557868923
20.7880824195004
12.4576481755006
35.5170999338685
24.0824105063685
24.7392715493384
32.7519627096013
45.8958034610252
40.9915559733639
44.8686309953385
54.3952856402929
40.8098633419999
40.0861718449843
58.4121249020192
55.1015691031287
38.0156072224559
50.6922811492429
49.5459950320387
52.8509570267663
40.4952412080876
39.1782130803241
59.1884123425421
45.4980230667912
30.2699210791366
23.5875873308510
17.9097950530622
16.9247691624567
4.62198644548144
1.04043540743672
14.4340052501795
-2.09730393250236
-1.26156192430510
12.8871402442648
2.52313492689140
13.9654429288275
10.3077457131686
-6.54070451490945
13.6364444541512
14.9700031178172
17.8998243408738
21.1344986298440
4.67644100478676
7.25941713702947
2.01983082275099
0.336005357436619
9.23385093350385
-0.245999173558432
5.89085162622091
4.60822456581686
9.46924621658356
16.6507427038754
-8.65124938646004
20.5874108005515
24.8024513094123
19.3838127248376
38.1608170161607
18.2015250790413
30.3937793682997
30.2075561415892
43.0022435274285
33.0621790874150
22.5646157120964
33.2335236100893
46.8876189895923
45.5078175675367
45.5595765939190
31.9432052866744
41.1938080175311
31.1545971085859
38.0840532483555
54.9990473734559
27.9786215895801
41.7812745987513
33.8208035326922
16.2707642431418
7.45782060933750
24.7671584425170
7.44392077140829
14.2274452230357
14.9503592262093
8.76294549748006
7.25720543941252
9.15857255509461
4.72777871173674
11.0091818980941
21.9849212967930
19.7624122125430
13.9528822302428
9.81525127264854
11.1091183599857
12.4517062632624
5.33394697641088
9.82324557697576
-0.155968107040586
4.50763669142328
5.11277609993598
16.8134836881387
2.35436972731511
1.60634874489556
16.5296285972544
8.43828717272548
18.0900045706087
15.0969918101573
18.2971397041289
26.4930876037567
19.4791535570056
33.7759046559763
23.6307668589948
33.9416742565284
40.4904663987787
39.8858281420046
31.6929730243188
27.7332557179666
33.2626389739028
35.7513497656331
33.3464215858973
40.0256404988761
41.1396951941915
20.6305944925183
32.7377389685307
17.8446964341512
36.0927765194543
16.3446601241092
29.1270978864299
34.5125162283770
23.2337000966430
7.91751793275040
26.9511742401890
18.2873977917420
9.32125269910138
4.15792989982772
3.81674859466281
10.0052236768878
20.0342728253602
11.7767570443343
4.13076834821426
4.81596924046587
26.4445027438902
-0.369820687697684
3.74651383116107
17.0423751810768
7.40002631946615
17.6710549808980
0.684838259422226
0.673072843268566
-2.42884383736041
-5.02177274146617
8.61742198349788
2.29070861233536
25.6836741116567
-6.06830195028492
15.4747952185654
15.4492497389308
20.1287696914213
15.4636080725217
19.2708913031396
18.1338301599762
18.0221507327370
26.0754932119231
19.3226959780140
23.0428610961279
27.9860136037827
31.8373672163905
24.8245394034439
20.5144814019796
29.1421163589834
24.6884978374390
21.5013051894428
18.1290791427357
15.0736197356222
17.4391498630951
17.0943729191772
17.3705989957203
27.7241970407393
9.41519239038658
15.9376975120123
15.2836245465541
6.92653732034186
-0.833303758804265
19.8652793029035
14.4633225449274
13.2490767191373
3.15671447800272
17.8380780720997
10.7654613162239
-0.245791717927323
2.04274168290348
16.1865664179941
-6.35748160455793
5.53703516152758
17.0715067019344
4.81375417981014
-2.71352610870461
4.77095725959854
12.9809957719488
11.1711431748889
5.95609103186341
5.10204001363839
25.5283845922794
13.8666815270070
2.84307679457614
8.58944257104920
13.7356555725985
-3.03929131145468
12.3665311128645
11.0087652700178
17.1417465174162
15.1520459765414
37.4475716492080
24.3244434697469
21.4386168495345
28.5725812122524
27.6812774711581
23.5349290787528
17.5688053627076
6.13527358488284
31.3048445647467
11.0964602725290
6.18510488200769
16.7357860609417
1.06082929573075
4.58829506825260
2.63632405523420
17.2628935589318
8.50039584592294
12.5587522209478
12.6654215460939
4.99663224888622
2.15860625130151
27.0452417946001
13.3921934100043
18.2240999496312
10.3558554003585
8.00521856527936
5.86951853075738
-9.20920319949434
6.42103796044236
11.9160698222890
-0.398802280196472
9.71058977795057
12.0896314840783
8.66219254256595
2.20518905473840
13.1824530622703
-1.84232245272103
15.3075424835777
14.1713201011430
5.45568744377500
-9.90007304599335
11.1912772040856
20.0839743905605
2.98550819636107
22.2874185761729
14.3115006203315
-2.05492980991232
20.2417385247157
20.6132461453531
13.2513623428113
3.19777460199576
8.93073459801780
24.8189258667238
4.95107288651071
10.3176188339860
22.5675456097037
9.62268748190829
26.0718683972243
16.4484349974698
33.8217565577952
16.9852879088430
22.1871810250069
16.9434421839979
19.0375753889647
16.0291889191603
14.9956041326067
17.3845888072542
9.39466695913982
10.0056295627089
13.3162781097259
9.77770509276708
13.7762607481664
11.2259757348614
13.8453035591011
12.0214205718317
8.76247115622986
10.4002248847427
12.6923832602018
14.1935945774966
1.10273941966375
6.60203574332998
10.2195062818295
7.21489611229924
11.7151908050920
0.0936153222705674
-3.47028039372246
18.4135406603156
-2.53862417287285
7.13984282223034
1.88576720620545
-0.0217226137444424
19.1083944243293
0.589587570312250
8.24864549035681
12.9907740829308
7.43928556973170
18.4097330831808
11.6593879381420
24.8514837475625
12.5401422974341
6.55789483475300
11.7425360057394
4.15991735656460
6.91744711367225
16.9643469291396
4.98770747829088
-1.64444363373201
2.11670747574214
14.0178555873172
21.6538132910343
8.52982309931657
8.34754332389839
18.3920107199222
11.8350284323273
2.55617479254524
6.61879476757235
-3.01039432362380
4.32005188566096
16.3173032962059
10.5684631492122
-6.57909665250134
-0.330970015616463
0.274630067637668
8.33795182749486
-1.89443208940284
13.0786603456079
11.3823714198588
5.07517574983109
1.27709701005123
2.93274046408835
3.32155114194312
6.38191842805463
8.66776179389697
18.4604714673246
16.6154602457749
10.9489512136142
4.70965019350724
21.1741785726824
10.9496508963506
15.5302700234649
17.0674178566477
12.5769535811475
-0.422747271559699
7.17427464941816
9.42279673870039
8.80583371524064
9.20372868351976
14.1328760772884
-0.394063257177750
-1.70341370130543
14.1267283855167
7.54112602024827
25.4845777515996
-0.612553471090175
1.06705028971076
10.1574876493756
-0.316162986841812
14.8791880523720
5.98528509930702
9.77268504375332
0.982074269188340
22.2954121560480
14.2467062681041
-14.0483763454207
10.2445730338308
6.09019999528715
13.3379909706866
0.549757166308458
17.8888002900417
11.1316474957186
11.6585946858141
-3.68136164624461
11.9398533850288
23.3992692825486
18.7868068798482
8.89570460260191
9.73383182805073
7.93009296109864
15.9220382805134
20.8953495651357
16.0840300648836
3.87213770221953
17.1527538597663
17.1524834731110
2.57079801526445
19.3850178561784
4.00442841505154
20.7753676387398
7.73024129084639
6.11481672719045
-2.94724657611102
-6.09298865181111
13.0014610385922
6.52032281263928
-1.76983417104051
19.0199371368835
13.6172919205987
-0.529325904361290
8.30286695306162
-2.17973531632908
6.93404181404664
11.5659069045744
32.7958790048392
17.5898070645999
10.2287767022761
16.2463400456542
14.4063749637505
6.35572645622014
1.74204220424739
-8.23386902779988
12.0828602435233
8.71418721015582
20.6259734581118
-1.61201563190544
-0.901184100017545
5.34076099568333
-0.811951598093630
3.55571983518312
-10.0265655499147
15.9465236233392
6.75917984935776
6.97330101332673
1.94362104733083
8.01114267601097
14.6515491266416
1.50725091173359
9.00042713566404
19.0026229132524
4.91078669209469
4.74658959625245
3.61129208875658
3.73891536591994
8.61440626452061
10.5100357584993
-0.391875683286591
13.6275439019835
9.58044338462875
-3.42602832762893
14.6019564607858
13.5135598487404
10.6995022691253
12.6458395883417
0.512521679501459
5.28969020967985
5.28989519957017
14.8206467512262
10.8987831647069
3.84336286554705
5.55504148517443
11.7217736657510
-10.4047046733037
11.6080574199634
10.8459765289616
14.0752390313413
25.6162638294756
9.73138140877697
3.36020564333176
12.3821428350653
13.3836305533153
4.41544875830542
22.7306714436723
-6.96954349664752
1.29627269857856
3.23107040584459
6.88123969408399
13.7142034579923
22.2262140688651
16.2604674996501
9.40051684196602
28.9784888395335
0.787253059146885
9.49892827211695
11.7487569162785
12.4419693056949
12.3622698660435
1.88895939471630
0.957310959492578
-3.90122047451902
11.3499442222362
10.8030643315032
16.9464630139701
4.41907264057173